,Unnamed: 0,Sentence,CF,SF,CbD,DI,Violation,Distribution,Entropy
0,0,The knife scraped the school fence rapidly. It was enclosing the private property.,0.0592404197803535,0.0592404196262412,-1.3770704151813962,0.3260223820334654,1.5772864329080725,"[[0.02580701 0.10301005 0.15524012 0.71594283]
 [0.02312143 0.10569562 0.16493604 0.70624691]
 [0.0374529  0.17286975 0.14359423 0.64608313]
 [0.04263698 0.16768567 0.1454205  0.64425685]]",(0.934340571294+0j)
1,1,The resourceful sailors escaped off the boats. They were suffering structural damage.,0.8146803699654074,0.8146803699664841,-5.096986642789799,4.508092092774234,1.561556987055834,"[[0.44285484 0.07745136 0.39149923 0.08819457]
 [0.41547204 0.10483415 0.4171768  0.062517  ]
 [0.01672439 0.00294931 0.81762968 0.16269662]
 [0.01020459 0.00946911 0.82244426 0.15788204]]",(0.002689326028+0j)
2,2,The storm caused a delay for the morning flight. It was producing tornadoes.,0.3596772078411979,0.4157098073113926,-2.8759472895536105,2.2693932593997306,2.02165303568958,"[[0.27125092 0.0833191  0.29099021 0.35443976]
 [0.10987757 0.24469245 0.57389185 0.07153812]
 [0.30257133 0.02152088 0.2596698  0.41623798]
 [0.27075016 0.05334206 0.41301927 0.26288852]]",(0.236974489644-0j)
3,3,The lively birds chirped and ate the seeds. They were a sweet treat.,0.9336439008608708,0.9336439008687296,-6.015270654147405,5.569736650099022,1.5819709110206972,"[[1.33489036e-02 3.09771106e-03 7.98323643e-01 1.85229743e-01]
 [1.56260143e-02 8.20600380e-04 9.34464501e-01 4.90888841e-02]
 [2.86360275e-01 6.65220100e-02 5.25312272e-01 1.21805444e-01]
 [3.35305988e-01 1.75762967e-02 6.14784527e-01 3.23331878e-02]]",(0.013840548395-0j)
4,4,The sniper took aim the ruthless terrorist. He was a barbaric bomb maker.,0.507904691841458,0.5079046919013492,-3.407501572985841,2.1196943304294664,1.5820120553515795,"[[0.55469017 0.17917758 0.20119647 0.06493577]
 [0.71516871 0.01869905 0.2593334  0.00679884]
 [0.35265596 0.11394145 0.40323069 0.1301719 ]
 [0.45471225 0.01188517 0.51978986 0.01361273]]",(0.003816601519-0j)
5,5,The storm disrupted the commercial flight. It was causing flash floods.,0.7594828714117158,0.7594828714451318,-4.402742310816107,3.03793148578177,1.5914386515591246,"[[0.39045275 0.11491137 0.38467823 0.10995765]
 [0.24971521 0.25564891 0.22417256 0.27046332]
 [0.01230548 0.00334263 0.7628255  0.22152639]
 [0.0101867  0.00546141 0.46370107 0.52065082]]",(0.999921533192-0j)
6,6,The bold sailors dove off the boats. They were not sturdy.,0.5730504657647647,0.5730504657195672,-3.849509267775044,2.2922018631694834,1.5824195219861028,"[[0.19383968 0.33688362 0.1723226  0.29695411]
 [0.31486624 0.21585706 0.2785504  0.19072631]
 [0.00732242 0.01304375 0.35883986 0.62079398]
 [0.01208328 0.00828288 0.58133335 0.39830048]]",(0.019173476103-0j)
7,7,The winning sniper killed the dangerous terrorist. He was a barbaric dictator.,0.8356059118502248,0.8356059118506679,-6.579523433853224,5.9403279963254585,1.5819692795780438,"[[0.13523153 0.03062856 0.68010464 0.15403526]
 [0.15723644 0.00862365 0.79076939 0.04337052]
 [0.09164419 0.02075573 0.72369199 0.16390809]
 [0.10655552 0.00584441 0.84145032 0.04614976]]",(0.025998304567+0j)
8,8,The hardworking bee gathered pollen from the lovely flower. It was generating pollen.,0.6115120777333612,0.6115120777703295,-3.2998824691998387,2.4460483110817517,1.5831169665852425,"[[0.79399873 0.114912   0.07777158 0.01331769]
 [0.27298939 0.63592135 0.02440927 0.06668   ]
 [0.73365679 0.11073735 0.13811352 0.01749234]
 [0.24803977 0.59635437 0.04935888 0.10624698]]",(0.120076075465-0j)
9,9,The sailors abandoned the ill-designed boats. They were navigating poorly.,0.6767660461982996,0.6767660461973898,-3.394712576909609,2.435259179560554,1.5820065289854464,"[[0.07812833 0.63696568 0.03109818 0.25380781]
 [0.51349751 0.20159651 0.2045438  0.08036219]
 [0.01461485 0.11903041 0.09461166 0.77174308]
 [0.09598768 0.03765758 0.62205363 0.24430112]]",(0.851235205076-0j)
10,10,The hardworking bee gathered pollen from the intricate flower. It was a treasure.,0.5356120060904379,0.5356120060868961,-2.8362140407972625,2.1424480243584094,1.580926345381236,"[[0.33686779 0.08688386 0.45615877 0.12008958]
 [0.40615627 0.01759538 0.55320738 0.02304096]
 [0.72609642 0.18936064 0.06693013 0.01761281]
 [0.87823417 0.03722289 0.08112949 0.00341346]]",(0.120931808271+0j)
11,11,The brave students learned from the stimulating books. They were convincing.,0.8905336485336676,0.8905336485643913,-4.281032498486381,3.562134594257565,1.5855309501805976,"[[2.54589725e-04 1.39626737e-03 2.90402815e-01 7.07946328e-01]
 [1.28056628e-03 3.70290813e-04 8.90903939e-01 1.07445204e-01]
 [1.17899278e-01 2.97854490e-01 1.72758127e-01 4.11488105e-01]
 [3.68737495e-01 4.70162728e-02 5.23447010e-01 6.07992215e-02]]",(0.940519921282-0j)
12,12,The sailors left the navy boats. They were facing the storm.,0.2785992157561647,0.2785992158532917,-2.28273933465839,1.1143968634135817,1.626664645198821,"[[0.07677162 0.22086905 0.18997187 0.51238746]
 [0.15364243 0.14399825 0.17620502 0.5261543 ]
 [0.00418803 0.04706021 0.26255546 0.6861963 ]
 [0.00795124 0.043297   0.32189622 0.62685555]]",(0.993996896529+0j)
13,13,The serrated knife scraped the old fence surrounding the garden. It was a separating the yards.,0.415387949817412,0.4153879498151397,-3.673858891868332,1.971970676715974,1.5812185881266032,"[[0.28740123 0.49405877 0.07867082 0.13986919]
 [0.49402125 0.28743874 0.13679549 0.08174451]
 [0.2585603  0.44986116 0.10751175 0.18406679]
 [0.44802529 0.26039618 0.18279146 0.10878708]]",(0.01888664011+0j)
14,14,The activist people held a vigil against the government. They were demanding a voice.,0.6154079543504704,0.6154079543546715,-3.0169465033918472,2.4616318174189495,1.6897792186258274,"[[0.13989995 0.62133796 0.16778593 0.07097616]
 [0.59781789 0.16342002 0.23047735 0.00828474]
 [0.00514367 0.20774362 0.3025422  0.4845705 ]
 [0.11217611 0.10071118 0.71611914 0.07099357]]",(0.000716576459+0j)
15,15,The diligent birds pecked at the mouth-watering seeds. They were a filling food.,0.4527155151312334,0.4527155138646412,-2.4507667658540684,1.8319914917357056,1.5877905820834504,"[[7.10558791e-01 2.73242679e-01 1.29934507e-02 3.20507923e-03]
 [9.63046407e-01 2.07550629e-02 1.54727038e-02 7.25826133e-04]
 [3.79493024e-01 1.46310573e-01 3.44059217e-01 1.30137186e-01]
 [5.13514589e-01 1.22890079e-02 4.65004522e-01 9.19188111e-03]]",(0.006925481309+0j)
16,16,The police chased the criminals for hours. They were notorious and dangerous.,0.9922980965152848,0.9922980965925964,-5.374222873326146,4.694796546342636,1.5813015922956368,"[[8.96260092e-04 7.43756524e-04 5.32615212e-01 4.65744772e-01]
 [1.59209674e-03 4.79198751e-05 9.92346016e-01 6.01396692e-03]
 [1.86866712e-01 1.65243719e-01 3.46644759e-01 3.01244809e-01]
 [3.49813067e-01 2.29736464e-03 6.44125046e-01 3.76452215e-03]]",(0.053008897372+0j)
17,17,The sniper took out the terrorist. He was a ruthless assassin.,0.3772369101697651,0.377236910187713,-2.405996546944448,1.5089476407518818,1.5820859881660423,"[[0.66893643 0.18446258 0.11500421 0.03159678]
 [0.81660203 0.03679698 0.14026434 0.00633665]
 [0.4542476  0.12538187 0.32969304 0.09067749]
 [0.55471229 0.02491717 0.40215408 0.01821646]]",(0.039146651585-0j)
18,18,The monstrous storm destroyed the flight. It was bringing high winds.,0.6138060551036704,0.6138060551085573,-3.1612581536984,2.455224220453643,1.678062284195149,"[[0.15708435 0.27895425 0.3750543  0.1889071 ]
 [0.05565779 0.38038081 0.04748497 0.51647643]
 [0.30634492 0.4106039  0.22579372 0.05725746]
 [0.01782447 0.69912435 0.08531829 0.19773288]]",(0.18276604973-0j)
19,19,The treacherous storm cancelled the flight. It was flying to Hawaii.,0.786784224859401,0.7867842248972989,-4.474160097885323,4.211044716154223,1.7359200290730148,"[[0.10344338 0.27650509 0.54248205 0.07756948]
 [0.33580208 0.04414639 0.55903288 0.06101864]
 [0.04537289 0.06267785 0.60055254 0.29139672]
 [0.00674083 0.10130991 0.88809414 0.00385512]]",(0.875145380178+0j)
20,20,The diligent birds tried the tall seeds. They were fearless.,0.4464521463716135,0.4464521463942977,-3.9456656536271097,2.433890360172822,1.583115261332363,"[[0.03177711 0.26869446 0.07708735 0.62244107]
 [0.21422461 0.08624697 0.50311245 0.19641598]
 [0.05128452 0.43174539 0.05757995 0.45939015]
 [0.34457877 0.13845113 0.37275828 0.14421181]]",(0.540820804695-0j)
21,21,The imaginative bee buzzed around the sweet flower. It was abundant with pollen.,0.8872341620478761,0.8872341619671467,-4.601083401020291,3.989351353865715,1.6515495893386696,"[[6.28609883e-02 6.54133626e-01 8.41879050e-03 2.74586595e-01]
 [4.89634722e-01 2.27359892e-01 1.17256216e-01 1.65749170e-01]
 [4.34656842e-02 9.15048257e-01 2.78140945e-02 1.36719646e-02]
 [5.66034781e-01 3.92479160e-01 4.08561568e-02 6.29902402e-04]]",(0.988218926606-0j)
22,22,The diligent birds chose the overlooked seeds. They were a quick snack.,0.1925922425409729,0.1925922425424652,-1.2421301523262855,0.8768123486604142,1.6095883771169823,"[[0.59253839 0.22458351 0.15401707 0.02886104]
 [0.79624632 0.02087557 0.16951222 0.01336589]
 [0.69525922 0.2268337  0.05129623 0.02661084]
 [0.89755486 0.02453807 0.06820369 0.00970339]]",(0.068766945785-0j)
23,23,The sniper assassinated the notorious terrorist. He was a precise marksman.,0.6718722450836603,0.6718722450835982,-3.391992147057188,2.6874889803352575,1.5858611896302013,"[[0.22359428 0.07530111 0.53735845 0.16374615]
 [0.2899633  0.00893209 0.68080433 0.02030028]
 [0.67553481 0.21779026 0.08541793 0.021257  ]
 [0.86898623 0.02433885 0.10178141 0.00489352]]",(0.030969741975+0j)
24,24,The sharp knife scratched the fence effortlessly. It was weak and unstable.,0.4241790957225083,0.42417910546269,-3.221936885243321,1.6967164218558826,1.60126558040115,"[[0.1998485  0.12214976 0.36938501 0.30861673]
 [0.29080649 0.03119177 0.45537087 0.22263087]
 [0.33163801 0.33469673 0.2375955  0.09606976]
 [0.52785353 0.13848121 0.21832383 0.11534143]]",(0.092877812246+0j)
25,25,The storm devastated the commercial flight. It was putting lives in peril.,0.750046930471799,0.7500469304723532,-4.039131718321408,3.000187721889787,1.5899703744254077,"[[0.38127138 0.12233032 0.38262464 0.11377366]
 [0.1408529  0.3627488  0.13347067 0.36292763]
 [0.00992023 0.00392886 0.75397579 0.23217512]
 [0.00481079 0.0090383  0.26951278 0.71663813]]",(0.997554688013+0j)
26,26,The chirpy birds foraged for the seeds. They were seeking new experiences.,0.9106963554693932,0.9106963554422626,-6.248700647020771,5.746077747473993,1.579505283813745,"[[0.209801   0.73681441 0.01095451 0.04243008]
 [0.03352301 0.9130924  0.00239604 0.05098855]
 [0.16275226 0.58382633 0.05800325 0.19541815]
 [0.02761844 0.71896016 0.00830062 0.24512079]]",(0.167414159712-0j)
27,27,The imaginative bee stopped at the pristine flower. It was collecting essential pollen.,0.6506881119095236,0.6506881119105639,-4.139884947890328,2.6027524476433683,1.5869645274904487,"[[0.16646667 0.35372057 0.17397002 0.30584275]
 [0.26803457 0.25215267 0.26295723 0.21685554]
 [0.3352763  0.6558485  0.00516039 0.00371481]
 [0.52487048 0.46625431 0.00612131 0.00275389]]",(0.462057432608+0j)
28,28,The serrated knife scraped the construction fence surrounding the park. It was a rotten and weakened.,0.2271986364624478,0.2271986364401456,-1.4570035406287347,1.0114068957147395,1.5820407262250495,"[[0.79559788 0.17596754 0.02330208 0.0051325 ]
 [0.91902737 0.05253805 0.02688497 0.00154961]
 [0.58844708 0.13026662 0.23045288 0.05083342]
 [0.67990043 0.03881327 0.26601191 0.01527439]]",(0.964762919951-0j)
29,29,The unwavering people led a protest against the government. They were embezzling public funds.,0.8426041857623439,0.8426041857623864,-4.152537009994637,3.370416743049545,1.5770187996502247,"[[0.08507905 0.22347777 0.17741266 0.51403051]
 [0.26581289 0.04274393 0.58697845 0.10446473]
 [0.00191525 0.00827191 0.26057647 0.72923638]
 [0.00790153 0.00228563 0.84488981 0.14492303]]",(0.962576885644-0j)
30,30,The sailors jumped off the navy boats. They were ignoring the warnings.,0.5854808420690818,0.5854808420695419,-2.622718791375438,1.9998396468843045,1.5890423319914389,"[[0.92109672 0.02499249 0.04673255 0.00717825]
 [0.45231568 0.49377352 0.01555367 0.03835713]
 [0.71322391 0.02516478 0.25460536 0.00700595]
 [0.32843763 0.40995106 0.13943173 0.12217958]]",(0.663516701604+0j)
31,31,The clever bee crawled on the flower. It was producing honey.,0.3695488925214331,0.3695488925004097,-2.7824900311592105,1.7466514757715048,1.6502720235293844,"[[0.32707463 0.29298594 0.12242    0.25751943]
 [0.55245876 0.06760181 0.33369874 0.04624069]
 [0.39167662 0.42736691 0.05781801 0.12313846]
 [0.75940166 0.05964187 0.12675584 0.05420063]]",(0.999334542806-0j)
32,32,The active bee hovered above the flowering flower. It was an untouched paradise.,0.5923000510830535,0.592300051024638,-3.91900431604626,2.369200204332724,1.577870250275042,"[[0.20000819 0.26725858 0.24482399 0.28790924]
 [0.26778687 0.1994799  0.34237638 0.19035685]
 [0.01010711 0.00775609 0.43472507 0.54741173]
 [0.00719311 0.0106701  0.60297015 0.37916664]]",(0.371801217335-0j)
33,33,The graceful birds foraged for the scattered seeds. They were a juicy delight.,0.7971499720629296,0.7971499724204203,-6.603668067400931,5.955009255013225,1.6005131219353534,"[[0.0543805  0.81936691 0.02221694 0.10403564]
 [0.15829409 0.71545332 0.02317439 0.1030782 ]
 [0.06413228 0.80893854 0.01246516 0.11446402]
 [0.16429731 0.70877351 0.01717117 0.10975801]]",(0.090743248157-0j)
34,34,The bee hovered over the flower. It was full of pollen.,0.8070069834179937,0.807006983418422,-4.7799484925861515,3.6017469895797785,1.5958863366501592,"[[0.17537412 0.00141269 0.80841967 0.01479352]
 [0.09681747 0.07996934 0.39613697 0.42707622]
 [0.39542858 0.0040961  0.58836521 0.01211011]
 [0.20388362 0.19564106 0.28907082 0.3114045 ]]",(0.998784517837+0j)
35,35,The durable knife scratched the swimming fence with care. It was sharp and powerful.,0.5426376154864416,0.5426376154833201,-3.800426681256602,2.4903878846200493,1.581893312647258,"[[0.29506911 0.54419462 0.05795782 0.10277845]
 [0.63544051 0.20382322 0.12386386 0.03687241]
 [0.07511524 0.14155151 0.27791169 0.50542156]
 [0.16245954 0.05420721 0.59684483 0.18648841]]",(0.005126600346-0j)
36,36,The storm obstructed the flight. It was carrying important documents.,0.9231927318604518,0.9231927318608172,-5.623489525195346,5.127783519873047,1.5847286085712866,"[[0.39127931 0.08213713 0.44089028 0.08569328]
 [0.44288151 0.03053493 0.49198187 0.03460169]
 [0.00997728 0.00169336 0.8221923  0.16613705]
 [0.00939165 0.002279   0.92547173 0.06285763]]",(0.301984147779-0j)
37,37,The knife punctured the weak fence effortlessly. It was a precise tool.,0.33261841659316,0.3326184166240572,-1.941389937297514,1.5287821278606757,1.5820019038826825,"[[8.11420978e-01 1.88171247e-01 3.32026042e-04 7.57487555e-05]
 [9.49628274e-01 4.99639510e-02 3.86835642e-04 2.09391564e-05]
 [5.01146037e-01 1.16250656e-01 3.10606967e-01 7.19963396e-02]
 [5.86552167e-01 3.08445259e-02 3.63462943e-01 1.91403642e-02]]",(0.215202187159-0j)
38,38,The durable knife sliced through the fence smoothly. It was enclosing the prison yard.,0.8147752371367593,0.8147752372711706,-4.900501634634301,4.001450941462656,1.5861558531033433,"[[0.43865598 0.13992097 0.32550847 0.09591459]
 [0.56157286 0.01700408 0.40692268 0.01450038]
 [0.11579724 0.03792307 0.6483672  0.19791249]
 [0.14976707 0.00395324 0.81872847 0.02755122]]",(0.767307859595-0j)
39,39,The people took to the streets against the government. They were risking their safety.,0.7917278395643346,0.7917278394189629,-3.9033325745643186,3.166911357675844,1.552900383252592,"[[0.06883015 0.16946391 0.1396047  0.62210124]
 [0.21021353 0.02808053 0.61226249 0.14944346]
 [0.00153102 0.02921716 0.20690383 0.76234799]
 [0.01795109 0.01279708 0.80452492 0.16472691]]",(0.83510471598-0j)
40,40,The adventurous students studied the books. They were struggling to stay awake.,0.6808629195496175,0.6808629215652575,-4.76391995043733,4.359839951870798,1.7192408070140937,"[[0.19860189 0.45560551 0.00496701 0.3408256 ]
 [0.1472637  0.5069437  0.09784663 0.24794598]
 [0.14418399 0.74024783 0.05938491 0.05618327]
 [0.13771635 0.74671547 0.10739398 0.0081742 ]]",(0.203874837897-0j)
41,41,The skilled sailors slid off the unprotected boats. They were suffering structural damage.,0.5032290721396222,0.5032290721576632,-3.558688899355599,2.1937970199396997,1.5691183266017412,"[[0.53118232 0.21186156 0.16664138 0.09031474]
 [0.35143625 0.39160764 0.11815447 0.13880165]
 [0.67547402 0.29734577 0.02234968 0.00483053]
 [0.45844798 0.51437181 0.01114274 0.01603747]]",(0.002619875543-0j)
42,42,The birds feasted on the crisp seeds. They were savory.,0.1815760413315948,0.181576041339866,-1.0580753621507977,0.7263041653628692,1.706276519102162,"[[0.5855478  0.28987081 0.10829477 0.01628662]
 [0.80123497 0.07418364 0.03244413 0.09213726]
 [0.64450324 0.11946151 0.04933933 0.18669592]
 [0.65451064 0.10945411 0.17916846 0.05686679]]",(0.013334211787-0j)
43,43,The students created projects based on the humorous books. They were outdated.,0.6867912237647683,0.6867912237669631,-3.5983245313223,2.747164895068658,1.5804676064098195,"[[0.17932834 0.1190833  0.41742999 0.28415837]
 [0.29392651 0.00448513 0.69127636 0.010312  ]
 [0.51141831 0.34465549 0.08534003 0.05858618]
 [0.84322208 0.01285171 0.14198079 0.00194542]]",(0.027120900416+0j)
44,44,The storm battered the scheduled flight. It was putting lives in peril.,0.2718922891543971,0.2718922888579057,-3.222835180771864,1.3882901088490789,1.587089807979911,"[[0.45478498 0.2782157  0.17275124 0.09424808]
 [0.33705884 0.39594184 0.12404955 0.14294977]
 [0.24041715 0.145511   0.38711906 0.22695278]
 [0.1829818  0.20294635 0.27812659 0.33594526]]",(0.985987241435+0j)
45,45,The birds chewed on the tempting seeds. They were bursting with flavor.,0.935006985523438,0.9350069855239996,-4.703837109963235,3.869317106649075,1.6388039778815606,"[[0.01612071 0.01999873 0.95500571 0.00887485]
 [0.02257359 0.01354585 0.52923053 0.43465004]
 [0.49936923 0.0201126  0.47175719 0.00876098]
 [0.32218767 0.19729415 0.22961645 0.25090173]]",(0.079175867055+0j)
46,46,The winning sniper targeted the brutal terrorist. He was a top assassin.,0.6848616836842707,0.6848616836936103,-3.5094513102935068,2.739446734776468,1.5826668882151245,"[[0.70005012 0.16192141 0.11251587 0.0255126 ]
 [0.81865312 0.04331842 0.13084507 0.0071834 ]
 [0.21476789 0.04986862 0.5977981  0.1375654 ]
 [0.25143475 0.01320176 0.69806344 0.03730006]]",(0.000113656428-0j)
47,47,The passionate people staged a boycott against the government. They were promoting human rights.,0.4214816308630544,0.4214816308705325,-1.6231332684408324,1.1253042775941131,1.5824013642741828,"[[0.00101829 0.03609724 0.02707886 0.93580561]
 [0.01164145 0.02547407 0.29778177 0.66510271]
 [0.00716072 0.2491754  0.02093643 0.72272745]
 [0.07906503 0.17727109 0.23035818 0.51330569]]",(7.510014e-06-0j)
48,48,The heart moved brain-enhancing blood with resilience. It was a powerful muscle.,0.7634277356361043,0.7634277354892738,-4.230711037347586,3.314193358995968,1.58157219625037,"[[0.09161744 0.01372166 0.77714939 0.11751151]
 [0.08021421 0.02512489 0.68316013 0.21150077]
 [0.60670083 0.09155291 0.262066   0.03968026]
 [0.53271204 0.16554169 0.2306623  0.07108396]]",(0.001956189004+0j)
49,49,The knife scraped the fence with power. It was a powerful tool.,0.5197797980667345,0.5197797980742789,-2.7526554129838576,2.114199494339008,1.5819913999025357,"[[0.34300678 0.05897896 0.51030494 0.08770931]
 [0.37055196 0.03143378 0.55121358 0.04680068]
 [0.79404879 0.13648683 0.05926294 0.01020145]
 [0.85772975 0.07280587 0.06403579 0.00542859]]",(0.020011122148+0j)
50,50,The bee collected nectar from the awe-inspiring flower. It was searching for pollen.,0.823714131868949,0.823714131872278,-4.376086977193426,3.3330718576114986,1.5832064592906503,"[[1.90427169e-03 5.00473717e-04 8.24214606e-01 1.73380649e-01]
 [9.57207056e-04 1.44753835e-03 3.92231328e-01 6.05363926e-01]
 [3.17536554e-01 6.60981488e-02 5.08582323e-01 1.07782974e-01]
 [1.52023741e-01 2.31610961e-01 2.41164794e-01 3.75200503e-01]]",(0.317253876953-0j)
51,51,The determined bee rested on the pristine flower. It was in full bloom.,0.8720730312604537,0.8720730312648202,-6.301445815638669,5.741649269618758,1.5781730593455516,"[[0.2040783  0.04436159 0.60770088 0.14385923]
 [0.23437956 0.01406033 0.71511047 0.03644964]
 [0.0632558  0.0141612  0.74852338 0.17405963]
 [0.0732991  0.00411789 0.87619092 0.04639208]]",(0.179064771793+0j)
52,52,The unpredictable storm affected the international flight. It was putting lives in peril.,0.696604078912533,0.6966040789039019,-5.745123230887929,4.984283549117267,1.7584494229064054,"[[0.21542495 0.00353453 0.6827749  0.09826562]
 [0.10806659 0.11089289 0.6603597  0.12068082]
 [0.16754907 0.03404669 0.73065077 0.06775346]
 [0.18367136 0.0179244  0.58475493 0.21364931]]",(0.999576292401-0j)
53,53,The sniper targeted the ruthless terrorist. He was a barbaric drug lord.,0.3589145265558771,0.3589145265576384,-3.177216872468841,1.8584288636520243,1.5819679568569875,"[[0.5748801  0.13232103 0.23801372 0.05478515]
 [0.67142227 0.03577886 0.27798606 0.01481281]
 [0.48000933 0.11048448 0.33288449 0.0766217 ]
 [0.56061943 0.02987438 0.38878891 0.02071728]]",(0.004532819569+0j)
54,54,The active bee descended on the rich flower. It was a popular destination.,0.6213191873488406,0.6213191873746595,-3.1395344262016756,2.4852767495975256,1.5819693876361904,"[[0.2665676  0.06095017 0.5473361  0.12514613]
 [0.31076115 0.01675662 0.63807581 0.03440642]
 [0.74112062 0.16945474 0.07278309 0.01664156]
 [0.86398757 0.04658779 0.08484939 0.00457525]]",(0.038046003139+0j)
55,55,The sailors tumbled off the safe boats. They were causing accidents.,0.5277745793917124,0.5277745794441526,-3.0820595695454327,2.1110983177772975,1.581685125924172,"[[0.66367263 0.15783218 0.14391643 0.03457875]
 [0.78109354 0.04041128 0.16970448 0.0087907 ]
 [0.34306197 0.07996147 0.46452709 0.11244947]
 [0.40147457 0.02154887 0.54932345 0.02765311]]",(0.957542127092-0j)
56,56,The sniper executed the brutal terrorist. He was a bad human rights violator.,0.3455203247407973,0.3455203247802664,-1.951782360307328,1.3820812991210658,1.5820437898374389,"[[0.74172355 0.21423295 0.03419904 0.00984445]
 [0.91895348 0.03700302 0.04232737 0.00171613]
 [0.47777493 0.13798559 0.29814766 0.08609181]
 [0.59190998 0.02385054 0.36937087 0.01486861]]",(0.000404663553+0j)
57,57,The brave students delved into the books. They were filled with knowledge.,0.2912365939111249,0.291236593977991,-1.525215668218698,1.2786056227077744,1.6111961429734591,"[[0.63454891 0.30740182 0.01616522 0.04188405]
 [0.91896509 0.02298564 0.05140045 0.00664883]
 [0.49088066 0.30771392 0.15983347 0.04157195]
 [0.78803041 0.01056417 0.18233513 0.0190703 ]]",(0.965593512012+0j)
58,58,The storm caused trouble for the scheduled flight. It was full of passengers.,0.6286184736935231,0.6286184737292316,-3.5716600411972284,2.514473894934712,1.5639213366013682,"[[0.71499865 0.06674108 0.18164232 0.03661796]
 [0.54484668 0.23689304 0.15217913 0.06608115]
 [0.24702233 0.02100016 0.64961863 0.08235888]
 [0.201646   0.06637649 0.4953798  0.2365977 ]]",(0.150207088759-0j)
59,59,The police identified the criminals in court. They were highly unpredictable and dangerous.,0.4327952270991626,0.4327952270897253,-2.817322843922754,1.6474899167814052,1.5745741578523211,"[[5.87467057e-01 2.22199316e-04 4.12094679e-01 2.16065113e-04]
 [3.48062139e-01 2.39627117e-01 2.55712612e-01 1.56598131e-01]
 [7.80914410e-01 3.81221174e-04 2.18647326e-01 5.70432545e-05]
 [4.68079807e-01 3.13215824e-01 1.35694944e-01 8.30094248e-02]]",(0.020520081337-0j)
60,60,The skilled bee approached the symmetrical flower. It was seeking the sweetest nectar.,0.1948775263887231,0.1948775357820116,-2.7475782945606504,1.408603132289762,1.5787574431615423,"[[0.62696791 0.07274135 0.26761889 0.03267186]
 [0.59957452 0.10013473 0.26137641 0.03891433]
 [0.63267372 0.07100396 0.26191307 0.03440924]
 [0.60345358 0.1002241  0.25749735 0.03882497]]",(0.329451589942+0j)
61,61,The powerful knife sliced through the parking fence separating the yards. It was a transparent and thin.,0.1647752460525432,0.1647752460566234,-1.2197890985360762,0.7088247664489438,1.5812811202556047,"[[0.62878041 0.18363158 0.14489952 0.0426885 ]
 [0.77203644 0.04037554 0.17884968 0.00873834]
 [0.7255981  0.21285707 0.04808183 0.013463  ]
 [0.89274608 0.0457091  0.05814004 0.00340478]]",(0.380837944722-0j)
62,62,The turbulent storm prevented the flight. It was flying to Hawaii.,0.5134758871182649,0.5134758871177798,-2.545196772588456,2.0539035485217463,1.703101493567945,"[[0.16808686 0.13516293 0.64863882 0.0481114 ]
 [0.14733173 0.15591806 0.27547714 0.42127308]
 [0.28050435 0.14892367 0.53622132 0.03435065]
 [0.06771753 0.3617105  0.35509134 0.21548063]]",(0.620742353682-0j)
63,63,The familia birds ate the tasty seeds. They were a new experience.,0.5103978102288864,0.5103978102290386,-2.6539821770313567,2.1150971247792167,1.5817549394858823,"[[0.35703655 0.08217533 0.45550025 0.10528787]
 [0.41698967 0.02222221 0.53262002 0.0281681 ]
 [0.78657264 0.18141352 0.02596416 0.00604968]
 [0.91918217 0.04880399 0.03042752 0.00158633]]",(0.795161165344+0j)
64,64,The sniper assassinated the notorious terrorist. He was a precise assassin.,0.6543605664672425,0.6543605664780265,-3.2948797755806147,2.6174422659193595,1.5792268823889373,"[[0.24176005 0.05545716 0.56571036 0.13707242]
 [0.28157265 0.01564457 0.67000513 0.03277766]
 [0.72152874 0.17137001 0.08594168 0.02115958]
 [0.84929364 0.0436051  0.10228413 0.00481712]]",(0.030851454198+0j)
65,65,The birds nibbled on the seeds. They were bursting with flavor.,0.8037579014467812,0.8037579014542622,-3.9682437516428744,3.215031605817048,1.5660954170170769,"[[0.77131398 0.22413787 0.00301941 0.00152875]
 [0.18897703 0.80647481 0.00271691 0.00183125]
 [0.51341081 0.13384918 0.26092257 0.09181744]
 [0.13754259 0.50971741 0.05415135 0.29858865]]",(0.018317220225-0j)
66,66,The dangerous storm postponed the flight. It was carrying essential supplies.,0.8256936742905552,0.8256936742914911,-4.598778846044032,3.6469178755968383,1.7586346357242797,"[[0.05846255 0.46122735 0.0169468  0.4633633 ]
 [0.16377509 0.35591481 0.26987901 0.21043109]
 [0.06130502 0.839798   0.01410432 0.08479266]
 [0.4061048  0.49499822 0.0275493  0.07134768]]",(0.473539400094-0j)
67,67,The impulsive sailors jumped from the boats. They were tipping over.,0.7474870923262547,0.7474870923261606,-3.7454909767205775,2.9899483693054134,1.5809647324785665,"[[0.06378299 0.39938567 0.07211672 0.46471462]
 [0.34984034 0.11332832 0.40317899 0.13365236]
 [0.00087993 0.00465231 0.13501978 0.85944799]
 [0.00432055 0.00121169 0.74869878 0.24576898]]",(0.528144932409+0j)
68,68,The eager bee descended on the symmetrical flower. It was seeking nectar.,0.6511917673962146,0.6511917674229332,-5.099659592218169,3.7827874523674385,1.576194375139603,"[[0.2519926  0.02021556 0.67140733 0.05638451]
 [0.19865536 0.0735528  0.55304064 0.1747512 ]
 [0.41827165 0.03891925 0.50512827 0.03768083]
 [0.34409349 0.11309741 0.40760251 0.13520659]]",(0.475186981864-0j)
69,69,The innovative people marched in solidarity against the unjust government. They were taking bribes.,0.6206783803207373,0.6206783802899234,-3.2196999519776712,2.482713521293869,1.5933747237525493,"[[0.17682261 0.0166493  0.63732768 0.1692004 ]
 [0.07693794 0.11653398 0.14896458 0.6575635 ]
 [0.55407949 0.05422369 0.26007081 0.13162601]
 [0.19576428 0.41253891 0.03013824 0.36155857]]",(0.0613571755-0j)
70,70,The sailors jumped off the boats. They were avoiding capsizing.,0.4957949985594005,0.495794998567364,-2.3949159904422626,1.5684035650578805,1.5900562249828112,"[[0.8609923  0.07582971 0.06229901 0.00087899]
 [0.50845223 0.42836978 0.03626889 0.02690911]
 [0.648359   0.05083908 0.27493231 0.02586961]
 [0.36431832 0.33487976 0.1804028  0.12039912]]",(0.137134211408-0j)
71,71,The people staged a walkout against the government. They were engaging in nepotism.,0.1426957865488796,0.1426957868351014,-1.3002429066902772,0.570783147375155,1.580764317329869,"[[0.02396269 0.06967954 0.21237533 0.69398244]
 [0.01177934 0.0818629  0.09717947 0.8091783 ]
 [0.02785179 0.09881045 0.20848624 0.66485153]
 [0.01234586 0.11431638 0.09661295 0.77672482]]",(0.001184460702+0j)
72,72,The activist people occupied the city center against the unrepresentative government. They were spreading false information.,0.4448812275211883,0.444881227595135,-4.543081474181549,3.1151153919611456,1.855110323949018,"[[0.14192319 0.01368013 0.43919469 0.40520199]
 [0.05666962 0.0989337  0.54381493 0.30058175]
 [0.15299156 0.0942287  0.42812632 0.32465342]
 [0.23310148 0.01411878 0.36738306 0.38539668]]",(0.527248027005-0j)
73,73,The knife punctured the fence surrounding the park. It was stuck for a moment.,0.4517213472854767,0.4517213475475148,-3.659276213049083,1.934001576288364,1.5816752906671363,"[[0.32912343 0.18818639 0.30666461 0.17602557]
 [0.50119566 0.01611416 0.46783551 0.01485467]
 [0.38429744 0.21971155 0.2514906  0.1445004 ]
 [0.58535183 0.01865716 0.38367934 0.01231167]]",(0.092515381837-0j)
74,74,The ambitious students read the books. They were divisive.,0.5045934870479359,0.50459348711033,-3.098968353398076,2.018373948443861,1.651072316528296,"[[0.37001166 0.42797168 0.02578811 0.17622856]
 [0.71693599 0.08104735 0.1398126  0.06220406]
 [0.18054869 0.17160641 0.21525107 0.43259383]
 [0.34386183 0.00829327 0.51288675 0.13495814]]",(0.986413034132-0j)
75,75,The curious bee buzzed around the abundant flower. It was collecting valuable pollen.,0.3845640650786489,0.3845640650084717,-2.1002079123249837,1.6378839748995906,1.580624960129803,"[[4.80401652e-01 3.32339494e-01 1.09460434e-01 7.77984204e-02]
 [8.12238791e-01 5.02354594e-04 1.87094288e-01 1.64565860e-04]
 [5.52565448e-01 3.85230986e-01 3.72966376e-02 2.49069286e-02]
 [9.37145942e-01 6.50492203e-04 6.21871380e-02 1.64282512e-05]]",(0.951755433283-0j)
76,76,The brave bee stopped at the abundant flower. It was searching for pollen.,0.6148775509105209,0.6148775509174927,-3.582428137224346,2.4546413935065887,1.581669356676185,"[[0.4078747  0.09057108 0.40763111 0.09392311]
 [0.18794741 0.31049837 0.18571139 0.31584283]
 [0.80548269 0.18183646 0.01002312 0.00265773]
 [0.3692999  0.61801925 0.0043589  0.00832195]]",(0.712090007436-0j)
77,77,The hardworking students learned from the humorous books. They were enhancing their understanding.,0.5547463116409934,0.5547463116450915,-3.0814735626583385,2.218985246581654,1.6076647364541374,"[[0.00158473 0.00919964 0.56394595 0.42526968]
 [0.00179654 0.00898783 0.05070422 0.93851141]
 [0.24209178 0.2301838  0.3234389  0.20428552]
 [0.01154837 0.46072721 0.04095239 0.48677203]]",(0.091088999423+0j)
78,78,The sailors sprang from the unprotected boats. They were avoiding capsizing.,0.6784889286358455,0.6784889286522633,-3.3882078274168967,2.713955714609147,1.5733944290130688,"[[0.80276063 0.14848412 0.04666368 0.00209158]
 [0.24956178 0.70168297 0.02319404 0.02556122]
 [0.69584851 0.10786646 0.15357579 0.04270924]
 [0.23552888 0.56818609 0.03722693 0.1590581 ]]",(0.446232037175+0j)
79,79,The police arrested the criminals after a tip-off. They were trying to sell drugs.,0.4262626047054201,0.426262604706568,-3.411753755032967,2.1091806817496477,1.581227771652824,"[[0.37173355 0.06092538 0.48718798 0.08015309]
 [0.36602773 0.06663119 0.48210102 0.08524005]
 [0.64090526 0.10619092 0.21801627 0.03488755]
 [0.63376337 0.11333282 0.21436538 0.03853843]]",(0.99364237064+0j)
80,80,The plucky birds chewed on the soft seeds. They were satisfying their hunger.,0.3793463257179519,0.3793463257804724,-2.0121717342085437,1.5173853031233775,1.5775601848587693,"[[0.02412247 0.25374645 0.32617715 0.39595392]
 [0.07182221 0.20604672 0.58539304 0.13673804]
 [0.07283689 0.52642871 0.27746274 0.12327166]
 [0.25964083 0.33962477 0.39757441 0.00315999]]",(0.420055236823-0j)
81,81,The birds flitted to the slow seeds. They were flying to new destinations.,0.3530765084527555,0.353076508457083,-2.916002381962967,2.034110450534909,1.5818483764361764,"[[0.13176167 0.39601303 0.11690656 0.35531874]
 [0.09276977 0.43500493 0.08192842 0.39029687]
 [0.00492139 0.0143257  0.24374685 0.73700606]
 [0.00352905 0.01571804 0.17116914 0.80958377]]",(0.992163648758+0j)
82,82,The hard-working students analyzed the useful books. They were discovering new information.,0.7818387281216735,0.781838728631784,-3.862941695318767,3.3072797046360733,1.697945014044552,"[[0.07619277 0.34424348 0.03261887 0.54694489]
 [0.11029898 0.31013726 0.26515607 0.31440769]
 [0.08014417 0.8105062  0.02866747 0.08068216]
 [0.29077053 0.59987984 0.08468451 0.02466512]]",(0.328352578708-0j)
83,83,The dangerous storm posed a threat to the flight. It was creating dangerous conditions.,0.5484754340354621,0.5484754340359209,-2.51830723680116,1.7159631194327885,1.5896444779083918,"[[0.89193788 0.09414497 0.01196299 0.00195417]
 [0.64962742 0.33645543 0.00615623 0.00776092]
 [0.48934066 0.06775141 0.41456021 0.02834773]
 [0.34150828 0.21558379 0.31427537 0.12863256]]",(0.406438369645-0j)
84,84,The precise sniper assassinated the dangerous terrorist. He was a vicious criminal.,0.9038577243043632,0.9038577243048151,-5.316206797781646,4.800769332909301,1.5819693165196682,"[[0.46225287 0.08542947 0.38176407 0.07055359]
 [0.50876448 0.03891785 0.42017608 0.03214159]
 [0.02117025 0.00391258 0.82284669 0.15207047]
 [0.02330051 0.00178233 0.90564005 0.06927711]]",(0.013165521006+0j)
85,85,The people held hands against the government. They were colluding with corporations.,0.5256916680565948,0.5256916679746648,-2.8934903048631906,2.1027666723163803,1.5685644754229402,"[[0.01996159 0.11732299 0.01475394 0.84796148]
 [0.02185517 0.1154294  0.23196258 0.63075284]
 [0.01177806 0.54862914 0.02293747 0.41665533]
 [0.16338272 0.39702448 0.09043503 0.34915777]]",(0.30895046536-0j)
86,86,The resourceful sniper neutralized the terrorist. He was a talented sharpshooter.,0.3811501477284681,0.3811501478553087,-3.5771622288566975,2.0637361941943286,1.573670656598127,"[[0.55956009 0.02226638 0.36693568 0.05123785]
 [0.39682081 0.18500566 0.31978956 0.09838398]
 [0.514812   0.03053362 0.41168377 0.0429706 ]
 [0.4159336  0.12941202 0.30067676 0.15397762]]",(0.274517565215-0j)
87,87,The agile bee flew to the pretty flower. It was a valuable resource.,0.8640218862119733,0.8640218862125566,-4.349666215704238,3.4560875448502255,1.555231977283302,"[[0.49819823 0.05339382 0.41816142 0.03024653]
 [0.256007   0.29558505 0.27766687 0.17074108]
 [0.03546187 0.01687589 0.88089778 0.06676446]
 [0.01613566 0.0362021  0.51753821 0.43012403]]",(0.01636589997-0j)
88,88,The sniper took out the terrorist. He was a notorious assassin.,0.3697058688646096,0.3697058688827207,-2.3579849798053276,1.4788234755532446,1.5819724742983647,"[[0.69357161 0.15980347 0.11917042 0.02745451]
 [0.81014107 0.043234   0.13919579 0.00742914]
 [0.4710685  0.10856249 0.34167353 0.07869548]
 [0.55027737 0.02935362 0.39905949 0.02130953]]",(0.047585242659-0j)
89,89,The storm battered the international flight. It was making road conditions hazardous.,0.7249511711228371,0.72495117114448,-3.893176790007052,2.8998046845799546,1.5809081458798169,"[[0.18592875 0.57102685 0.06134455 0.18169985]
 [0.58383362 0.17312199 0.19087512 0.05216928]
 [0.24048978 0.73173469 0.00678352 0.02099201]
 [0.75404872 0.21817574 0.02066001 0.00711552]]",(0.011194370427-0j)
90,90,The smart sailors threw themselves off the boats. They were not safe.,0.4586387515060263,0.4586387515040573,-3.3677790409105453,1.9300948610424968,1.5800435280712353,"[[0.23667204 0.25711132 0.23322635 0.2729903 ]
 [0.12609975 0.3676836  0.12141275 0.38480389]
 [0.00618302 0.00507662 0.46371537 0.525025  ]
 [0.00374036 0.00751928 0.24377214 0.74496822]]",(0.005176949772+0j)
91,91,The chirpy birds ate the ripe seeds. They were a satisfying food.,0.3328047048607638,0.3328047057948523,-1.8459011354389432,1.3588844706698244,1.5819680158015048,"[[4.81040561e-01 1.58602927e-01 2.71116422e-01 8.92400911e-02]
 [6.21915426e-01 1.77280618e-02 3.50532768e-01 9.82374514e-03]
 [7.36878137e-01 2.42486468e-01 1.52788453e-02 5.35654971e-03]
 [9.52305630e-01 2.70589749e-02 2.01425630e-02 4.92831979e-04]]",(0.000886620199+0j)
92,92,The chirpy birds plucked the crisp seeds. They were flavorsome.,0.5606851933736093,0.5606852062175703,-3.0015574261009688,2.281135276521929,1.606411674053137,"[[0.09453453 0.14396032 0.15355893 0.60794621]
 [0.21409854 0.02439632 0.36568884 0.3958163 ]
 [0.21533516 0.59344352 0.03275831 0.15846302]
 [0.54487878 0.26389989 0.03490859 0.15631273]]",(0.045622709039+0j)
93,93,The precise sniper targeted the terrorist. He was a dangerous killer.,0.884769464603672,0.8847694646087982,-5.198495930476266,4.38575493333652,1.581987239498302,"[[0.3555932  0.14422348 0.35589275 0.14429058]
 [0.44835778 0.0514589  0.44868733 0.05149599]
 [0.00872968 0.00354596 0.70275626 0.2849681 ]
 [0.01101173 0.00126391 0.88603337 0.10169099]]",(0.046177360791+0j)
94,94,The peaceful people blockaded the government building against the out-of-touch government. They were making a point.,0.9677733354598692,0.9677733354920686,-5.847336246784102,5.39875463027834,1.5828824619318411,"[[2.86811621e-01 9.14960267e-02 4.73411349e-01 1.48281004e-01]
 [3.67946959e-01 1.03606886e-02 6.04141458e-01 1.75508951e-02]
 [3.17656167e-03 1.13851913e-03 7.57046408e-01 2.38638511e-01]
 [4.23700148e-03 7.80793066e-05 9.67851415e-01 2.78335044e-02]]",(0.606576383343+0j)
95,95,The hardworking students immersed themselves in the books. They were visually stunning.,0.4943024676530797,0.4943024675829789,-3.3224119996466124,2.418687374353083,1.616088532633484,"[[0.65855655 0.0297364  0.22961302 0.08209404]
 [0.54996485 0.1383281  0.24869747 0.06300958]
 [0.32004822 0.07381888 0.56812134 0.03801156]
 [0.37255093 0.02131617 0.42611139 0.18002152]]",(0.189733751712+0j)
96,96,The birds munched on the exotic seeds. They were looking for a meal.,0.7288530152357743,0.7288530152608592,-3.711780233580459,2.915412061043436,1.6187460269105354,"[[0.42128152 0.08421551 0.41236256 0.08214041]
 [0.18675049 0.31874654 0.12736341 0.36713956]
 [0.0158619  0.08892916 0.81778218 0.07742676]
 [0.02834878 0.07644229 0.28576512 0.60944382]]",(0.038995542669-0j)
97,97,The resilient people took action against the corrupt government. They were committing war crimes.,0.3180563000917211,0.3180563000419684,-4.277947572975076,2.472741810564486,1.5806842695908905,"[[0.13728245 0.42102419 0.10694526 0.3347481 ]
 [0.48214847 0.07615817 0.38026468 0.06142868]
 [0.13749054 0.40686632 0.10673716 0.34890598]
 [0.473112   0.07124485 0.38930115 0.06634199]]",(0.150495740545-0j)
98,98,The sudden storm forced the commercial flight. It was carrying cargo.,0.656048566231845,0.6560485662412465,-5.417945049542944,4.483265750512031,1.653846246031577,"[[0.0803028  0.08864857 0.69875279 0.13229584]
 [0.14604728 0.0229041  0.67895267 0.15209596]
 [0.25196115 0.06232657 0.52709444 0.15861784]
 [0.29663444 0.01765328 0.5283655  0.15734678]]",(0.722480674845-0j)
99,99,The adventurous students read over the adventurous books. They were improving their problem-solving skills.,0.9466425689425838,0.9466425690481408,-6.166441823714708,5.756941851779854,1.580510473699035,"[[2.10481973e-02 9.47224819e-01 5.82250053e-04 3.11447336e-02]
 [2.51101018e-01 7.17171998e-01 8.72039389e-03 2.30065897e-02]
 [1.62207632e-02 7.36193543e-01 5.40968415e-03 2.42176010e-01]
 [1.96091522e-01 5.56322784e-01 6.37298901e-02 1.83855804e-01]]",(0.440390253041-0j)
100,100,The bee hovered above the flower. It was gathering nectar.,0.5867844402524224,0.586784440252679,-3.166855146942229,2.347137761010405,1.5820438833125938,"[[0.35584667 0.01553143 0.60231587 0.02630603]
