,Sentence,CF,SF,CbD,DI,Violation,PrDist
0,The knife scraped the school fence rapidly. It was enclosing the private property.,0.362904802641004,0.36290480281657556,-3.037607531854899,1.7566190459150586,1.157778503102711,"[[0.19350206 0.33711201 0.26086205 0.20852387]
 [0.13734276 0.39327132 0.07523893 0.394147  ]
 [0.2107891  0.36469738 0.24357501 0.1809385 ]
 [0.08314932 0.49233717 0.12943237 0.29508114]]"
1,The resourceful sailors escaped off the boats. They were suffering structural damage.,0.7011871306903443,0.7011871306436721,-4.153949594070775,2.804748522761979,1.3110594648938136,"[[0.13138954 0.02234072 0.72352785 0.12274189]
 [0.06654274 0.08718752 0.34300878 0.50326096]
 [0.42117121 0.06689325 0.43374618 0.07818936]
 [0.20399129 0.28407316 0.20556022 0.30637532]]"
2,The storm caused a delay for the morning flight. It was producing tornadoes.,0.3200414856494984,0.3200414849142388,-2.9214666970667893,1.2801659428430885,1.3039725590068985,"[[0.25158723 0.19693197 0.29863223 0.25284857]
 [0.36309395 0.08542525 0.40546674 0.14601406]
 [0.40267826 0.29238222 0.1475412  0.15739832]
 [0.53911099 0.15594948 0.22944969 0.07548983]]"
3,The lively birds chirped and ate the seeds. They were a sweet treat.,0.40884374433766213,0.40884374433842363,-2.177442849037077,1.7822183620452114,1.1140000584897503,"[[0.58993069 0.18603632 0.14932547 0.07470751]
 [0.5470728  0.22889421 0.01853571 0.20549728]
 [0.13761863 0.19279379 0.60163753 0.06795005]
 [0.24338454 0.08702788 0.32222397 0.34736361]]"
4,The sniper took aim the ruthless terrorist. He was a barbaric bomb maker.,0.6409453270138934,0.64094532703963,-3.731966960223102,2.563781308178544,1.3254033209100533,"[[0.45528974 0.11443915 0.34362963 0.08664148]
 [0.10952097 0.46020792 0.08281275 0.34745835]
 [0.12593508 0.03203897 0.6729843  0.16904166]
 [0.03005112 0.12792293 0.16228261 0.67974334]]"
5,The storm disrupted the commercial flight. It was causing flash floods.,0.6608049858825358,0.66080498589938,-4.018206298207037,2.6432199435983987,1.3988970441828594,"[[0.26075631 0.1882176  0.24796386 0.30306223]
 [0.14083243 0.30814148 0.16265136 0.38837473]
 [0.50050477 0.463784   0.0082154  0.02749583]
 [0.28814602 0.67614275 0.01533777 0.02037346]]"
6,The bold sailors dove off the boats. They were not sturdy.,0.8437453166198824,0.8437453173659766,-4.401276476590301,3.374981266479529,1.384140640122769,"[[0.04897781 0.04591874 0.32770304 0.5774004 ]
 [0.09354111 0.00135544 0.84510076 0.06000269]
 [0.17955031 0.28228222 0.19713054 0.34103693]
 [0.43293459 0.02889794 0.50570728 0.03246019]]"
7,The winning sniper killed the dangerous terrorist. He was a barbaric dictator.,0.626906806134699,0.6269068061416811,-3.7471215893162837,2.507627224606598,1.3091655619380411,"[[0.19670394 0.05642931 0.59444167 0.15242509]
 [0.04497866 0.20815459 0.14207515 0.6047916 ]
 [0.64046471 0.1734959  0.15068089 0.03535849]
 [0.14884277 0.66511785 0.03821104 0.14782834]]"
8,The hardworking bee gathered pollen from the lovely flower. It was generating pollen.,0.791641510287843,0.7916415102727089,-5.948540685323829,5.38047559381927,1.2092887134484291,"[[0.05719209 0.03320051 0.82484202 0.08476537]
 [0.08588701 0.0045056  0.79415043 0.11545697]
 [0.27239786 0.05416219 0.60963625 0.0638037 ]
 [0.30103397 0.02552608 0.57900347 0.09443648]]"
9,The sailors abandoned the ill-designed boats. They were navigating poorly.,0.6506721530590918,0.6506721530616415,-3.6151004303240972,2.592500870229302,1.3228137794700352,"[[0.08941802 0.6760821  0.02795689 0.20654299]
 [0.55777565 0.20772448 0.17165272 0.06284716]
 [0.01958136 0.14952442 0.09779354 0.73310067]
 [0.12296608 0.04613971 0.60646229 0.22443193]]"
10,The hardworking bee gathered pollen from the intricate flower. It was a treasure.,0.5167417550011744,0.5167417526219662,-3.9294529485148084,2.4899283363694193,1.3715411029589175,"[[0.24458619 0.04369881 0.56044057 0.15127442]
 [0.06548974 0.22279527 0.11705494 0.59466005]
 [0.46385309 0.10686298 0.34117368 0.08811026]
 [0.10862296 0.46209311 0.07392172 0.35536221]]"
11,The brave students learned from the stimulating books. They were convincing.,0.6340389804792982,0.6340389804817039,-3.4669720890723106,2.479856498922403,1.3216791224091087,"[[0.04764044 0.38838822 0.0637696  0.50020173]
 [0.31054376 0.1254849  0.40434141 0.15962992]
 [0.01074694 0.08417411 0.10066311 0.80441584]
 [0.06827133 0.02664972 0.64661384 0.25846511]]"
12,The sailors left the navy boats. They were facing the storm.,0.6515230195521364,0.6515230198081765,-4.501556304342971,3.367096049117698,1.3418763609722095,"[[0.12176436 0.02485696 0.67333871 0.18003997]
 [0.05216372 0.09445759 0.28470859 0.56867009]
 [0.11040493 0.03317512 0.68469814 0.17172181]
 [0.04229262 0.10128743 0.29457969 0.56184026]]"
13,The serrated knife scraped the old fence surrounding the garden. It was a separating the yards.,0.4977384798242659,0.49773847982188935,-4.740286330199998,3.095627199434865,1.3283932715023017,"[[0.31373237 0.0510146  0.54875308 0.08649994]
 [0.26885013 0.09589685 0.47775123 0.1575018 ]
 [0.40860221 0.06183082 0.45388324 0.07568372]
 [0.34853282 0.12190021 0.39806853 0.13149844]]"
14,The activist people held a vigil against the government. They were demanding a voice.,0.6588681125045988,0.6588681124915552,-3.759653518063293,2.635472450018395,1.3271699001057438,"[[0.27279525 0.51066688 0.07376688 0.142771  ]
 [0.0980304  0.68543173 0.02656362 0.18997426]
 [0.0737965  0.13512321 0.27276562 0.51831467]
 [0.02587521 0.1830445  0.0987188  0.69236149]]"
15,The diligent birds pecked at the mouth-watering seeds. They were a filling food.,0.6112711980852723,0.6112711980773982,-3.7169238519078327,2.466741472867338,1.3237242618233824,"[[0.11041423 0.04729812 0.65856931 0.18371834]
 [0.02761545 0.1300969  0.24599279 0.59629486]
 [0.58672055 0.18767716 0.18226299 0.04333929]
 [0.19255705 0.58184066 0.08105118 0.1445511 ]]"
16,The police chased the criminals for hours. They were notorious and dangerous.,0.6032819511273422,0.6032819511664231,-3.717832287655922,2.464534862452474,1.344631317196368,"[[0.61571282 0.1432899  0.1880248  0.05297249]
 [0.14752066 0.61148205 0.04008324 0.20091405]
 [0.63554854 0.15533731 0.16818908 0.04092507]
 [0.14936605 0.6415198  0.03823785 0.1708763 ]]"
17,The sniper took out the terrorist. He was a ruthless assassin.,0.614827046807374,0.6148270455525396,-3.699434022393362,2.4593081873901816,1.3219788008916087,"[[0.62728624 0.16536283 0.16508322 0.04226771]
 [0.14013981 0.65250926 0.03768222 0.16966871]
 [0.62802822 0.16392376 0.16434123 0.04370679]
 [0.14110473 0.65084725 0.03671729 0.17133073]]"
18,The monstrous storm destroyed the flight. It was bringing high winds.,0.78366859441637,0.7836685928313469,-5.07384872026224,4.036670772840572,1.3388751519351603,"[[0.02230597 0.78719807 0.00352947 0.18696649]
 [0.19408795 0.61541609 0.05014672 0.14034924]
 [0.01352044 0.45621333 0.01231501 0.51795123]
 [0.11015971 0.35957405 0.13407495 0.39619128]]"
19,The treacherous storm cancelled the flight. It was flying to Hawaii.,0.7517442377768293,0.7517442377702233,-2.9681215523090834,2.4555507258844353,1.4102063331052455,"[[0.38521064 0.07028801 0.51791761 0.02658374]
 [0.10231473 0.35318393 0.23472831 0.30977304]
 [0.85996427 0.09096645 0.04316398 0.00590531]
 [0.2931233  0.65780742 0.04391974 0.00514954]]"
20,The diligent birds tried the tall seeds. They were fearless.,0.9086945218328832,0.9086945218326119,-4.435064991904601,3.634778087331532,1.4365324164868227,"[[0.24145075 0.24071655 0.17749614 0.34033655]
 [0.4574579  0.02470941 0.47090262 0.04693008]
 [0.01843934 0.00122665 0.40050756 0.57982645]
 [0.01630552 0.00336047 0.912055   0.06827901]]"
21,The imaginative bee buzzed around the sweet flower. It was abundant with pollen.,0.22834019129723893,0.22834019133815586,-2.1461332342701067,0.9133607664457105,1.3915461294457743,"[[0.33863952 0.08050542 0.30884561 0.27200945]
 [0.23662941 0.18251553 0.18267193 0.39818313]
 [0.35786546 0.22380012 0.28961967 0.12871475]
 [0.3128497  0.26881589 0.10645164 0.31188277]]"
22,The diligent birds chose the overlooked seeds. They were a quick snack.,0.7246785259581316,0.724678525957454,-2.2207559237073378,1.90136252086111,1.643644068728855,"[[0.89618591 0.01492389 0.03326365 0.05562655]
 [0.43996643 0.47114337 0.08128839 0.0076018 ]
 [0.39555074 0.05855819 0.53389882 0.01199225]
 [0.11588084 0.33822809 0.40537398 0.14051709]]"
23,The sniper assassinated the notorious terrorist. He was a precise marksman.,0.5677170462306176,0.5677170461721006,-3.8746469297964756,2.5349118868940304,1.31207569512716,"[[0.16221383 0.05022057 0.61407514 0.17349045]
 [0.05887638 0.15355803 0.21956895 0.56799664]
 [0.16407539 0.04449654 0.61221358 0.17921449]
 [0.06150847 0.14706346 0.21693687 0.5744912 ]]"
24,The sharp knife scratched the fence effortlessly. It was weak and unstable.,0.6104046532432925,0.610404653053053,-2.9568542698081743,2.441618612975003,1.5526854103495675,"[[0.59309744 0.08484483 0.15026289 0.17179484]
 [0.19035494 0.48758733 0.00798568 0.31407205]
 [0.13035936 0.00259632 0.61300097 0.25404336]
 [0.09438095 0.03857472 0.10395967 0.76308465]]"
25,The storm devastated the commercial flight. It was putting lives in peril.,0.3229345332719076,0.32293453327172217,-2.0304453818713224,1.2917381330882054,1.3195276204028126,"[[0.62901636 0.30474359 0.04470554 0.02153451]
 [0.90457893 0.02918102 0.06288288 0.00335718]
 [0.43993142 0.20459585 0.23379048 0.12168225]
 [0.62288107 0.0216462  0.34458074 0.01089199]]"
26,The chirpy birds foraged for the seeds. They were seeking new experiences.,0.8767380021767794,0.8767380021767646,-6.258910470757486,5.590077930750717,1.416469947272558,"[[0.22381325 0.0194469  0.71316489 0.04357496]
 [0.14079752 0.10246263 0.62324411 0.13349573]
 [0.04081289 0.01942725 0.89616526 0.0435946 ]
 [0.0405978  0.01964234 0.72344383 0.21631602]]"
27,The imaginative bee stopped at the pristine flower. It was collecting essential pollen.,0.21027169311444782,0.2102716933603488,-1.1661876499242412,0.8826806206290614,1.5313204228439659,"[[0.49763381 0.04313812 0.15894248 0.30028559]
 [0.38452839 0.15624354 0.166642   0.29258607]
 [0.58915599 0.1722861  0.0674203  0.17113761]
 [0.34484673 0.41659536 0.20632367 0.03223425]]"
28,The serrated knife scraped the construction fence surrounding the park. It was a rotten and weakened.,0.6664401189293818,0.6664401191049232,-3.344760308382338,2.665760476427191,1.4825896934710094,"[[0.71634762 0.19255459 0.08340978 0.00768801]
 [0.167096   0.74180621 0.07536609 0.0157317 ]
 [0.61622935 0.12664559 0.18352805 0.073597  ]
 [0.20740142 0.53547353 0.03506067 0.22206438]]"
29,The unwavering people led a protest against the government. They were embezzling public funds.,0.6615493705045243,0.661549370506957,-3.826665945618198,2.646197482054498,1.326612353801707,"[[0.07290143 0.11027732 0.33148193 0.48533931]
 [0.15217101 0.03100775 0.69255712 0.12426413]
 [0.31153726 0.46567367 0.09284611 0.12994297]
 [0.65393046 0.12328046 0.19079766 0.03199141]]"
30,The sailors jumped off the navy boats. They were ignoring the warnings.,0.6831623711619584,0.683162371163206,-3.531104881691455,2.732649484653838,1.334566595130635,"[[0.20319164 0.45528062 0.10931796 0.23220978]
 [0.56850907 0.08996319 0.305479   0.03604874]
 [0.31020203 0.68546994 0.00230757 0.00202046]
 [0.8713478  0.12432417 0.00264027 0.00168776]]"
31,The clever bee crawled on the flower. It was producing honey.,0.21139676197184587,0.21139676192948476,-2.5147809572426625,1.1981971800135567,1.3050046701573121,"[[0.65542043 0.07698912 0.23266013 0.03493031]
 [0.44611676 0.28629279 0.14241451 0.12517594]
 [0.59890034 0.085393   0.28918023 0.02652643]
 [0.40909336 0.27519998 0.17943791 0.13626875]]"
32,The active bee hovered above the flowering flower. It was an untouched paradise.,0.6512151154408565,0.6512151154040444,-3.420173591181268,2.406250648890539,1.342746586698197,"[[0.32317689 0.04215373 0.55919865 0.07547073]
 [0.10211527 0.26321536 0.17869761 0.45597176]
 [0.76675864 0.1041962  0.1156169  0.01342826]
 [0.24109072 0.62986412 0.03972216 0.089323  ]]"
33,The graceful birds foraged for the scattered seeds. They were a juicy delight.,0.6473029213831705,0.6473029215021822,-4.572691456777257,3.156652506821332,1.3490385998731729,"[[0.2239619  0.02078115 0.66808407 0.08717287]
 [0.13551827 0.10922478 0.42343466 0.33182228]
 [0.37538378 0.04170895 0.5166622  0.06624507]
 [0.24406519 0.17302754 0.31488775 0.26801952]]"
34,The bee hovered over the flower. It was full of pollen.,0.6125536955409099,0.6125536955301522,-3.34342708647776,2.450214782164807,1.1918692039017695,"[[0.15337075 0.13878461 0.5556625  0.15218213]
 [0.2558948  0.03626056 0.64881426 0.05903037]
 [0.58387722 0.26861872 0.12515603 0.02234803]
 [0.76865109 0.08384485 0.13605798 0.01144608]]"
35,The durable knife scratched the swimming fence with care. It was sharp and powerful.,0.6007673245279493,0.6007673231009558,-3.3631445786335603,2.4030692981117983,1.2386613270256683,"[[0.45079801 0.3015813  0.23852677 0.00909391]
 [0.03957274 0.71280658 0.11203925 0.13558143]
 [0.20560709 0.20144403 0.48371769 0.10923119]
 [0.01425492 0.3927962  0.13735707 0.45559181]]"
36,The storm obstructed the flight. It was carrying important documents.,0.45310106181938636,0.4531010618210045,-2.3347478794919385,1.812404247289336,1.2473830855197363,"[[0.04353208 0.26388403 0.52433026 0.16825364]
 [0.08531708 0.22209902 0.67520009 0.01738381]
 [0.34874809 0.26483399 0.21911424 0.16730368]
 [0.4717329  0.14184918 0.28878427 0.09763366]]"
37,The knife punctured the weak fence effortlessly. It was a precise tool.,0.597249743460645,0.5972497434278055,-3.577545827273309,2.474142577200218,1.3023185390024388,"[[0.68511103 0.12268012 0.16738069 0.02482815]
 [0.1849803  0.62281085 0.04897578 0.14323307]
 [0.25425077 0.05309551 0.59824095 0.09441276]
 [0.06303313 0.24431315 0.17092295 0.52173077]]"
38,The durable knife sliced through the fence smoothly. It was enclosing the prison yard.,0.6069557824610741,0.6069557824608928,-3.415483468782937,2.427823129845046,1.23294140446488,"[[0.02392885 0.1214374  0.28337289 0.57126085]
 [0.00962877 0.13573748 0.00376381 0.85086994]
 [0.17996137 0.440387   0.12734038 0.25231126]
 [0.00776608 0.61258229 0.00562651 0.37402513]]"
39,The people took to the streets against the government. They were risking their safety.,0.23192484105296418,0.23192484105571465,-2.417790443050011,1.2840619280944239,1.2968076303263287,"[[0.08909064 0.1748573  0.31856814 0.41748393]
 [0.00957683 0.2543711  0.07706646 0.6589856 ]
 [0.13658335 0.13394997 0.27107543 0.45839125]
 [0.01667495 0.25385837 0.06996835 0.65949833]]"
40,The adventurous students studied the books. They were struggling to stay awake.,0.5157096094293004,0.5157096094280257,-3.070679085757203,2.062838437718271,1.3203564053791617,"[[1.18376572e-02 1.34395511e-02 4.76443350e-01 4.98279441e-01]
 [2.29288741e-04 2.50479195e-02 1.49229967e-02 9.59799795e-01]
 [2.57041569e-01 2.73820326e-01 2.31239438e-01 2.37898667e-01]
 [7.51046129e-03 5.23351434e-01 7.64182417e-03 4.61496281e-01]]"
41,The skilled sailors slid off the unprotected boats. They were suffering structural damage.,0.7993981116850081,0.799398111572752,-4.274555898608707,3.197592446740032,1.323730300569609,"[[0.05602029 0.00807002 0.80746813 0.12844156]
 [0.02870778 0.03538253 0.40263088 0.53327881]
 [0.54686907 0.08461947 0.31661935 0.05189211]
 [0.27402978 0.35745876 0.15730888 0.21120257]]"
42,The birds feasted on the crisp seeds. They were savory.,0.5790555771812811,0.5790555770510711,-3.9753807621255435,2.3162223092039147,1.3211568235908937,"[[0.18798633 0.28356688 0.21079313 0.31765366]
 [0.27103661 0.20051661 0.30029672 0.22815007]
 [0.39009645 0.58773859 0.00868301 0.01348195]
 [0.55917044 0.4186646  0.01216289 0.01000207]]"
43,The students created projects based on the humorous books. They were outdated.,0.6607801432770474,0.6607801432810058,-3.929408657441904,2.6431205732454974,1.3250617685064334,"[[0.21573465 0.68452054 0.0237404  0.07600441]
 [0.60272243 0.29753276 0.06679341 0.0329514 ]
 [0.10437541 0.33036436 0.13509964 0.43016059]
 [0.29132039 0.14341938 0.37819544 0.18706479]]"
44,The storm battered the scheduled flight. It was putting lives in peril.,0.19789681695949235,0.19789681696335537,-1.3211222875684068,0.8503042344639309,1.2766750446547597,"[[0.54993134 0.20628505 0.1916058  0.05217782]
 [0.7298458  0.02637058 0.2242674  0.01951622]
 [0.69955406 0.23045171 0.04198308 0.02801115]
 [0.88694593 0.04305983 0.06716727 0.00282697]]"
45,The birds chewed on the tempting seeds. They were bursting with flavor.,0.6464595594561832,0.6464595587225006,-4.067126312561306,2.5858382379501768,1.324443986896025,"[[0.30806056 0.01078113 0.65724069 0.02391763]
 [0.18055849 0.1382832  0.38474945 0.29640886]
 [0.56340357 0.02011448 0.40189768 0.01458427]
 [0.32925617 0.25426188 0.23605177 0.18043017]]"
46,The winning sniper targeted the brutal terrorist. He was a top assassin.,0.7895028179106868,0.789502817904506,-3.9189202088677426,3.158011271644196,1.3093728150767365,"[[0.39018455 0.0925358  0.42676132 0.09051832]
 [0.08902173 0.39369863 0.10405258 0.41322706]
 [0.80163018 0.18094695 0.0153157  0.00210717]
 [0.18844579 0.79413133 0.00462851 0.01279436]]"
47,The passionate people staged a boycott against the government. They were promoting human rights.,0.8758289024438892,0.8758289023922933,-6.236514747950214,5.46739688834341,1.21299852872487,"[[1.81168895e-01 5.88657634e-01 9.76373140e-02 1.32536158e-01]
 [7.09658099e-02 6.98860718e-01 1.41569869e-02 2.16016485e-01]
 [2.78328464e-01 6.82623235e-01 4.77744470e-04 3.85705562e-02]
 [7.34225497e-02 8.87529150e-01 1.17002471e-02 2.73480536e-02]]"
48,The heart moved brain-enhancing blood with resilience. It was a powerful muscle.,0.5003015994343731,0.5003015994866185,-3.4721903277354507,2.352204877000043,1.2640771451608708,"[[0.39946792 0.12577595 0.42203525 0.05272088]
 [0.08856578 0.43667809 0.14488618 0.32986995]
 [0.60155076 0.13220279 0.21995241 0.04629403]
 [0.15220925 0.5815443  0.0812427  0.18500374]]"
49,The knife scraped the fence with power. It was a powerful tool.,0.4052242318823598,0.405224231887757,-3.5437002816723147,2.172092471344826,1.4239215756668584,"[[0.44084688 0.0773062  0.33515584 0.14669108]
 [0.14639329 0.37175979 0.08658631 0.39526061]
 [0.30072208 0.0700564  0.47528064 0.15394088]
 [0.12171265 0.24906584 0.11126696 0.51795456]]"
50,The bee collected nectar from the awe-inspiring flower. It was searching for pollen.,0.4272800631177246,0.4272800559438601,-3.1933763167713103,1.709120252472326,1.310701316748819,"[[0.36908678 0.07151802 0.49879809 0.06059711]
 [0.23671998 0.20388483 0.32963905 0.22975615]
 [0.59629532 0.08761853 0.27158955 0.04449661]
 [0.36851641 0.31539744 0.19784262 0.11824354]]"
51,The determined bee rested on the pristine flower. It was in full bloom.,0.6447353564750653,0.6447353562905974,-3.779515919454713,2.578941425900262,1.3097155452152958,"[[0.44440011 0.15659515 0.30011799 0.09888676]
 [0.18112572 0.41986954 0.11781054 0.2811942 ]
 [0.70415311 0.2395185  0.04036498 0.01596341]
 [0.28430921 0.6593624  0.01462705 0.04170134]]"
52,The unpredictable storm affected the international flight. It was putting lives in peril.,0.7975996812637736,0.7975996812637322,-4.138745210772875,3.1903987250550943,1.3284587329453919,"[[0.43952208 0.26159129 0.1856982  0.11318843]
 [0.68397585 0.01713752 0.29221769 0.00666894]
 [0.11148995 0.06710391 0.51373033 0.30767581]
 [0.17386458 0.00472928 0.80232896 0.01907718]]"
53,The sniper targeted the ruthless terrorist. He was a barbaric drug lord.,0.48763449899662525,0.4876344989974335,-3.959945698266952,2.4337027966676663,1.3213749184888075,"[[0.24355689 0.06331311 0.55094761 0.14218238]
 [0.05723833 0.24963167 0.12884047 0.56428952]
 [0.50435355 0.12923717 0.29015095 0.07625833]
 [0.11898383 0.51460688 0.06709497 0.29931431]]"
54,The active bee descended on the rich flower. It was a popular destination.,0.7289907515018608,0.7289907506833317,-3.896654592854224,2.9159630060074426,1.3205776646808614,"[[0.44327897 0.12202102 0.34391932 0.09078069]
 [0.10203614 0.46326385 0.08153964 0.35316037]
 [0.71853693 0.1940296  0.06866136 0.01877211]
 [0.16727048 0.74529604 0.01630529 0.07112818]]"
55,The sailors tumbled off the safe boats. They were causing accidents.,0.644239429302613,0.6442394292997613,-2.5599805366286725,1.8056426145431637,1.3222062667978314,"[[8.79211976e-05 1.49349194e-02 6.46148903e-03 9.78515670e-01]
 [5.93089199e-03 9.09194863e-03 3.77831958e-01 6.07145201e-01]
 [2.88019083e-03 4.55079873e-01 3.66921940e-03 5.38370717e-01]
 [1.75911234e-01 2.82048830e-01 2.07851616e-01 3.34188320e-01]]"
56,The sniper executed the brutal terrorist. He was a bad human rights violator.,0.6691271974408171,0.6691271973762496,-3.6381845687904346,2.6765087897633566,1.3241470361666674,"[[0.7760665  0.13202451 0.07855139 0.0133576 ]
 [0.21699631 0.6910947  0.0219675  0.0699415 ]
 [0.5033755  0.0856272  0.35124239 0.05975491]
 [0.14075596 0.44824674 0.09820785 0.31278945]]"
57,The brave students delved into the books. They were filled with knowledge.,0.4285725981359034,0.4285725978782752,-3.080288084319853,2.0642194797456437,1.328987029085667,"[[0.38812259 0.45197384 0.0724213  0.08748227]
 [0.82068918 0.01940725 0.15590958 0.00399399]
 [0.30696231 0.36761225 0.15358158 0.17184386]
 [0.65762727 0.01694729 0.31897149 0.00645395]]"
58,The storm caused trouble for the scheduled flight. It was full of passengers.,0.34365608198019404,0.3436560817589077,-2.163937504078051,1.553453399910142,1.3464788407604389,"[[0.48392401 0.08166164 0.35888339 0.07553096]
 [0.51173443 0.05385121 0.39750729 0.03690706]
 [0.80695686 0.14699213 0.03585054 0.01020047]
 [0.86498894 0.08896006 0.04425279 0.00179822]]"
59,The police identified the criminals in court. They were highly unpredictable and dangerous.,0.466257157889168,0.46625715788314004,-2.8955293473125385,2.3168436539494843,1.5827075389170626,"[[0.66771264 0.02906732 0.16075415 0.14246589]
 [0.55463335 0.14214661 0.25510036 0.04811968]
 [0.3482695  0.01394013 0.48019728 0.15759309]
 [0.19004017 0.17216946 0.61969355 0.01809683]]"
60,The skilled bee approached the symmetrical flower. It was seeking the sweetest nectar.,0.4157026119594014,0.4157026119752275,-1.9005417172409922,1.662810447921568,1.088379575141146,"[[0.26608259 0.51231923 0.09661662 0.12498155]
 [0.67832658 0.10007525 0.08848233 0.13311584]
 [0.05659702 0.42692335 0.3061022  0.21037744]
 [0.26129936 0.222221   0.50550955 0.01097009]]"
61,The powerful knife sliced through the parking fence separating the yards. It was a transparent and thin.,0.6929995174685124,0.692999517423775,-3.860483413139602,2.771998070332152,1.323299761130329,"[[0.31146094 0.08653628 0.47323891 0.12876387]
 [0.07150833 0.32648889 0.11076805 0.49123473]
 [0.68695813 0.18831776 0.09774172 0.02698239]
 [0.15935167 0.71592422 0.02292471 0.1017994 ]]"
62,The turbulent storm prevented the flight. It was flying to Hawaii.,0.43445744497690575,0.43445744497824246,-3.785065837346948,2.3169759869628996,1.3741594332332048,"[[0.30314315 0.08299296 0.5174504  0.09641349]
 [0.06300625 0.32312986 0.17834331 0.43552058]
 [0.47994164 0.04927952 0.34065191 0.13012692]
 [0.16374352 0.36547764 0.07760603 0.39317281]]"
63,The familia birds ate the tasty seeds. They were a new experience.,0.5216299779688428,0.521629977948963,-1.9503423183723676,1.5321720927751392,1.7475917799867686,"[[0.80759636 0.01064074 0.04323246 0.13853044]
 [0.48307277 0.33516433 0.14562486 0.03613804]
 [0.42129018 0.04649562 0.42953864 0.10267555]
 [0.14743595 0.32034986 0.48126168 0.05095251]]"
64,The sniper assassinated the notorious terrorist. He was a precise assassin.,0.6015481439608114,0.6015481439278061,-3.7498468783915677,2.49613339468715,1.319981424786995,"[[0.17109504 0.04168567 0.63812301 0.14909628]
 [0.03830386 0.17447685 0.14688084 0.64033845]
 [0.17089961 0.03677029 0.63831844 0.15401166]
 [0.0413178  0.1663521  0.1438669  0.6484632 ]]"
65,The birds nibbled on the seeds. They were bursting with flavor.,0.9275558207207286,0.92755582071785,-5.197334599257404,4.3092387293980465,1.323908155613442,"[[1.23938582e-02 7.71841033e-04 9.28327662e-01 5.85066390e-02]
 [7.36352088e-03 5.80217837e-03 5.49130933e-01 4.37703367e-01]
 [3.82568954e-01 2.41716385e-02 5.58152566e-01 3.51068416e-02]
 [2.26415147e-01 1.80325446e-01 3.30079308e-01 2.63180100e-01]]"
66,The dangerous storm postponed the flight. It was carrying essential supplies.,0.11284359002181787,0.11284359035205205,-2.3293668891293944,0.4513743614087065,1.3250544967099298,"[[0.12198389 0.25290718 0.21283819 0.41227074]
 [0.13908205 0.23580902 0.24682787 0.37828106]
 [0.14419632 0.30346934 0.19062575 0.36170859]
 [0.17443324 0.27323242 0.21147668 0.34085766]]"
67,The impulsive sailors jumped from the boats. They were tipping over.,0.2339696112734988,0.23396961132379157,-1.6183325330049254,1.0178102637747384,1.3671910436616805,"[[0.60821282 0.22110979 0.11096583 0.05971155]
 [0.80600187 0.02332074 0.16762935 0.00304804]
 [0.64923017 0.26033839 0.06994848 0.02048295]
 [0.88604999 0.02351858 0.08758123 0.00285021]]"
68,The eager bee descended on the symmetrical flower. It was seeking nectar.,0.5813113633628206,0.5813113633716223,-3.315439764193802,2.3252454535092917,1.3945788790964158,"[[0.10261761 0.27275089 0.16180896 0.46282254]
 [0.30239479 0.07297371 0.5433083  0.0813232 ]
 [0.17791011 0.66782783 0.08651646 0.0677456 ]
 [0.69557885 0.15015908 0.15012423 0.00413783]]"
69,The innovative people marched in solidarity against the unjust government. They were taking bribes.,0.2729239013782303,0.2729239013265883,-1.7401308506741213,1.1223817018991251,1.2691518042263747,"[[0.00767152 0.04330083 0.3003535  0.64867415]
 [0.00404449 0.04692786 0.02338511 0.92564254]
 [0.09200034 0.13004235 0.21602468 0.56193263]
 [0.004249   0.21779369 0.0231806  0.75477671]]"
70,The sailors jumped off the boats. They were avoiding capsizing.,0.6376866666429477,0.6376866666422528,-5.3830987034628075,4.0294122697078905,1.3893211490367705,"[[0.14851301 0.05325185 0.54971446 0.24852068]
 [0.09737654 0.10438832 0.47405472 0.32418042]
 [0.03125689 0.02928392 0.66697058 0.27248862]
 [0.0387325  0.02180831 0.53269876 0.40676044]]"
71,The people staged a walkout against the government. They were engaging in nepotism.,0.7308008632822907,0.7308008632755485,-4.111908880055882,3.2094489442098926,1.2891685640553079,"[[0.65244613 0.1247829  0.19634428 0.02642669]
 [0.71436461 0.06286442 0.19637483 0.02639614]
 [0.14711987 0.03281871 0.70167053 0.11839089]
 [0.16914258 0.010796   0.74159686 0.07846456]]"
72,The activist people occupied the city center against the unrepresentative government. They were spreading false information.,0.7178636003577294,0.7178636003762581,-4.003221622501075,3.017937229792153,1.3153130300566698,"[[0.03741093 0.1512477  0.18786841 0.62347296]
 [0.14005101 0.04860762 0.63005505 0.18128632]
 [0.01502456 0.0372179  0.21025478 0.73750276]
 [0.04264841 0.00959405 0.72745765 0.22029989]]"
73,The knife punctured the fence surrounding the park. It was stuck for a moment.,0.5739881653926612,0.5739881653887047,-3.581983212477118,2.295952661574657,1.4373325956516514,"[[0.20903306 0.03735513 0.61134329 0.14226852]
 [0.0740477  0.17234048 0.32821812 0.4253937 ]
 [0.55056314 0.14201833 0.26981321 0.03760532]
 [0.23764402 0.45493745 0.1646218  0.14279673]]"
74,The ambitious students read the books. They were divisive.,0.4563781333936764,0.4563781333903393,-4.157028155916112,2.3528225230324704,1.3510108462972235,"[[0.43761994 0.45114099 0.03204169 0.07919738]
 [0.40345706 0.48530386 0.02892573 0.08231334]
 [0.26008457 0.34140457 0.20957707 0.1889338 ]
 [0.28909987 0.31238926 0.14328292 0.25522795]]"
75,The curious bee buzzed around the abundant flower. It was collecting valuable pollen.,0.7064169537754946,0.7064169537660506,-5.298431315589564,4.257444368573946,1.3167146116377717,"[[0.42158908 0.0762684  0.43421254 0.06792999]
 [0.44237123 0.05548624 0.45040949 0.05173304]
 [0.15095253 0.03541123 0.70484908 0.10878715]
 [0.17224174 0.01412203 0.72053898 0.09309726]]"
76,The brave bee stopped at the abundant flower. It was searching for pollen.,0.5143706211533232,0.5143706211770578,-4.1498432646595695,2.5729720769021918,1.3342835088980394,"[[0.24400588 0.04225711 0.55662773 0.15710929]
 [0.21835989 0.06790309 0.48781119 0.22592583]
 [0.45212293 0.12517575 0.34851067 0.07419065]
 [0.43337432 0.14392436 0.27279676 0.14990456]]"
77,The hardworking students learned from the humorous books. They were enhancing their understanding.,0.15405080831258267,0.15405080870297083,-2.5915910704403493,0.9919822964528544,1.3359260467288907,"[[0.5377461  0.26545738 0.13017607 0.06662045]
 [0.51775501 0.28544847 0.13139766 0.06539886]
 [0.51274745 0.24911949 0.15517472 0.08295834]
 [0.4970251  0.26484184 0.15212757 0.08600549]]"
78,The sailors sprang from the unprotected boats. They were avoiding capsizing.,0.6799384167561522,0.6799384166941177,-4.276946620566623,2.9442862370457963,1.3102431951690505,"[[0.33216171 0.16539245 0.39701596 0.10542989]
 [0.23900873 0.25854542 0.31467857 0.18776728]
 [0.01658543 0.03265382 0.71259224 0.23816851]
 [0.02785895 0.0213803  0.52582835 0.4249324 ]]"
79,The police arrested the criminals after a tip-off. They were trying to sell drugs.,0.5563872376971695,0.5563872377355643,-3.763394434345275,2.570855681396275,1.327151319960839,"[[0.63876908 0.20365085 0.11732416 0.04025591]
 [0.28652247 0.55589745 0.0515965  0.10598358]
 [0.67571144 0.21879477 0.0803818  0.02511199]
 [0.30062451 0.59388169 0.03749446 0.06799934]]"
80,The plucky birds chewed on the soft seeds. They were satisfying their hunger.,0.5585630299290827,0.5585630299838993,-4.636113698764235,3.381763200821962,1.3296274348382102,"[[0.19762244 0.43799553 0.15111776 0.21326427]
 [0.05891052 0.57670745 0.09308313 0.2712989 ]
 [0.19903081 0.51152587 0.14970939 0.13973393]
 [0.11581906 0.59473762 0.03617459 0.25326874]]"
81,The birds flitted to the slow seeds. They were flying to new destinations.,0.9737763629560747,0.9737763629556512,-5.4183587511715645,4.6954314477991765,1.3006042978166115,"[[2.85827828e-01 1.65054233e-01 3.65135732e-01 1.83982207e-01]
 [4.42952063e-01 7.92999846e-03 5.35132374e-01 1.39855651e-02]
 [1.84347502e-03 2.46459843e-03 6.49120085e-01 3.46571841e-01]
 [4.15662621e-03 1.51447240e-04 9.73927810e-01 2.17641164e-02]]"
82,The hard-working students analyzed the useful books. They were discovering new information.,0.8173740743592801,0.817374074324868,-4.668718739060688,3.9447473325851905,1.3129610000291698,"[[0.62871449 0.06419465 0.28206967 0.0250212 ]
 [0.59948669 0.09342244 0.2622352  0.04485567]
 [0.08355978 0.0098503  0.82722438 0.07936554]
 [0.08179284 0.01161724 0.77992905 0.12666087]]"
83,The dangerous storm posed a threat to the flight. It was creating dangerous conditions.,0.6473035132862472,0.6473035132785812,-3.859993210148744,3.3931585837867835,1.0168206538015607,"[[0.01570925 0.09984989 0.74715341 0.13728744]
 [0.07339081 0.04216833 0.48162749 0.40281337]
 [0.24193542 0.11209674 0.52092724 0.1250406 ]
 [0.04934962 0.30468255 0.50566868 0.14029915]]"
84,The precise sniper assassinated the dangerous terrorist. He was a vicious criminal.,0.7975664443314041,0.7975664443120524,-3.996214322936373,3.1902657773256173,1.3076596273558896,"[[0.38653969 0.10388717 0.40805812 0.10151502]
 [0.090067   0.40035986 0.09635484 0.4132183 ]
 [0.78090571 0.20308257 0.0136921  0.00231962]
 [0.18263486 0.80135342 0.00378698 0.01222474]]"
85,The people held hands against the government. They were colluding with corporations.,0.4872687828475375,0.48726878284329445,-2.7468466839034904,2.005067303795597,1.4330075073509159,"[[0.15109921 0.06068484 0.45270123 0.33551472]
 [0.02289305 0.18889101 0.07964057 0.70857538]
 [0.08133141 0.03520025 0.52246903 0.36099931]
 [0.03621198 0.08031968 0.06632164 0.8171467 ]]"
86,The resourceful sniper neutralized the terrorist. He was a talented sharpshooter.,0.7921540694569327,0.79215406939236,-3.9365237375812807,3.168616277828514,1.326803267124522,"[[0.43378404 0.09274258 0.38937813 0.08409525]
 [0.10580509 0.42072153 0.09473041 0.37874297]
 [0.81718133 0.17550824 0.00598084 0.00132959]
 [0.19905854 0.79363103 0.00147696 0.00583347]]"
87,The agile bee flew to the pretty flower. It was a valuable resource.,0.7035924192026606,0.7035924192273286,-3.0565083788705065,2.236412980026048,1.3231679520693689,"[[4.36724333e-01 1.44108514e-03 5.60544330e-01 1.29025178e-03]
 [2.56577840e-01 1.81587578e-01 3.29003056e-01 2.32831525e-01]
 [9.60192962e-01 2.70863392e-03 3.70757010e-02 2.27029954e-05]
 [5.63412174e-01 3.99489422e-01 2.21687228e-02 1.49296812e-02]]"
88,The sniper took out the terrorist. He was a notorious assassin.,0.612595755029085,0.6125957538185611,-3.701631329353745,2.456340127739273,1.3220418294264196,"[[0.62867439 0.1639637  0.16545298 0.04190893]
 [0.14189238 0.65074572 0.03814996 0.16921194]
 [0.62942739 0.16252954 0.16469998 0.04334309]
 [0.14286386 0.64909307 0.03717848 0.17086459]]"
89,The storm battered the international flight. It was making road conditions hazardous.,0.9648980102346555,0.9648980102345281,-5.9422789902767645,5.50136064588167,1.3235696026589785,"[[0.23539449 0.08783758 0.49827973 0.17848819]
 [0.31306394 0.01016813 0.66226957 0.01449836]
 [0.00931515 0.00112035 0.72435908 0.26520543]
 [0.00901399 0.0014215  0.96631951 0.02324499]]"
90,The smart sailors threw themselves off the boats. They were not safe.,0.7109902736138063,0.7109902736018276,-4.00312883254381,2.843961094455225,1.3430315705957043,"[[0.05091315 0.10685676 0.24464506 0.59758502]
 [0.13878048 0.01898944 0.72997971 0.11225038]
 [0.1726512  0.41112214 0.12290701 0.29331964]
 [0.50475575 0.0790176  0.36400444 0.05222222]]"
91,The chirpy birds ate the ripe seeds. They were a satisfying food.,0.4372871010850461,0.4372870982228969,-2.6221852324553288,2.044629770917227,1.260105403030991,"[[0.23634758 0.13475789 0.57204499 0.05684953]
 [0.15022839 0.22087708 0.41473328 0.21416125]
 [0.39045612 0.10063521 0.41793646 0.09097222]
 [0.08433615 0.40675517 0.48062552 0.02828316]]"
92,The chirpy birds plucked the crisp seeds. They were flavorsome.,0.4623461696032243,0.46234616208844503,-3.2518735183119603,1.849384678416031,1.3316279697024704,"[[0.65969474 0.18857667 0.11494721 0.03678139]
 [0.32869022 0.51958119 0.05723502 0.09449358]
 [0.46321873 0.13409711 0.31142321 0.09126095]
 [0.22711233 0.37020351 0.15881291 0.24387125]]"
93,The precise sniper targeted the terrorist. He was a dangerous killer.,0.6840757564351004,0.684075756422776,-3.555940119062006,2.7363030257431262,1.3213706766499629,"[[0.05442952 0.01807377 0.70214952 0.22534719]
 [0.01032682 0.06217647 0.1360075  0.79148921]
 [0.1226505  0.03857838 0.63392854 0.20484258]
 [0.02410613 0.13712276 0.1222282  0.71654292]]"
94,The peaceful people blockaded the government building against the out-of-touch government. They were making a point.,0.5092801658180465,0.5092801660102798,-3.8798569816348154,2.037120664053873,1.324749186395878,"[[0.30446592 0.27609754 0.21967715 0.19975939]
 [0.04135894 0.53920452 0.02992436 0.38951218]
 [0.2660726  0.24119363 0.25807047 0.2346633 ]
 [0.03626799 0.47099824 0.03501531 0.45771846]]"
95,The hardworking students immersed themselves in the books. They were visually stunning.,0.4348583883488837,0.4348583859659447,-4.077231774435311,2.469056330932718,1.3104823451234808,"[[0.0804272  0.12318599 0.30559168 0.49079512]
 [0.12746333 0.07614986 0.45546699 0.34091981]
 [0.06377419 0.08429775 0.3222447  0.52968336]
 [0.0840765  0.06399543 0.49885382 0.35307424]]"
96,The birds munched on the exotic seeds. They were looking for a meal.,0.45062993940212226,0.4506299393866585,-0.9864724413652279,1.1972131443356768,1.8751709681392132,"[[0.7041952  0.04568183 0.03119551 0.21892746]
 [0.27733491 0.47254212 0.17323883 0.07688414]
 [0.32652903 0.20988894 0.40886168 0.05472035]
 [0.0346378  0.50178017 0.41593594 0.04764609]]"
97,The resilient people took action against the corrupt government. They were committing war crimes.,0.3185210367498085,0.318521036751545,-2.4864109536782495,1.3273795134812447,1.3205770211315369,"[[0.64443657 0.01480117 0.33332221 0.00744005]
 [0.4942886  0.16494915 0.25328638 0.08747588]
 [0.71553867 0.01871247 0.26222011 0.00352876]
 [0.55656541 0.17768572 0.19100956 0.0747393 ]]"
98,The sudden storm forced the commercial flight. It was carrying cargo.,0.7864768423867463,0.7864768424056838,-6.525886502735574,5.941631379118885,1.2084275151161474,"[[0.07646876 0.03959126 0.78341233 0.10052764]
 [0.11474738 0.00131264 0.78778949 0.09615049]
 [0.1507961  0.010154   0.709085   0.12996491]
 [0.12424063 0.03670947 0.77829624 0.06075367]]"
99,The adventurous students read over the adventurous books. They were improving their problem-solving skills.,0.6346255269755099,0.6346255269763881,-4.113226906700657,2.5385021079156007,1.3251620530630353,"[[0.28063041 0.0194454  0.65407093 0.04585325]
 [0.13608375 0.16399207 0.31759649 0.38232769]
 [0.44110392 0.03060739 0.49359742 0.03469126]
 [0.21444327 0.25726804 0.23923697 0.28905172]]"
100,The bee hovered above the flower. It was gathering nectar.,0.5698737898691926,0.5698737897157834,-3.8794730083540117,2.279495159477829,1.3999397503060678,"[[0.16755993 0.19375079 0.21132043 0.42736885]
 [0.35272326 0.00858746 0.57846125 0.06022803]
 [0.19313781 0.39544586 0.18574255 0.22567378]
 [0.5414615  0.04712217 0.38972301 0.02169333]]"
101,The storm posed a threat to the commercial flight. It was full of passengers.,0.6241944681104595,0.624194468132296,-3.110755106126148,2.4967778725306666,1.1682705680965388,"[[0.13091937 0.12555539 0.64891962 0.09460562]
 [0.20611309 0.05036167 0.67455613 0.06896911]
 [0.60373207 0.20079671 0.17610693 0.01936429]
 [0.75095647 0.05357231 0.12971276 0.06575846]]"
102,The accurate sniper targeted the terrorist. He was a successful marksman.,0.651285513388822,0.6512855133094356,-3.390383879975836,2.364024022762923,1.3277137722745407,"[[0.42499425 0.04970487 0.47317731 0.05212357]
 [0.14344216 0.33125696 0.16372339 0.36157749]
 [0.8044781  0.09207801 0.09369345 0.00975043]
 [0.27449633 0.62205979 0.03266922 0.07077466]]"
103,The serrated knife severed the swimming fence with minimal effort. It was sharp and precise.,0.9016286769282056,0.9016286769281255,-4.535664106536732,3.868058954456502,1.3318134652285831,"[[0.62121198 0.01980713 0.34620255 0.01277834]
 [0.45090807 0.19011104 0.2554971  0.10348379]
 [0.06412532 0.00166054 0.90328921 0.03092493]
 [0.04527091 0.02051494 0.66113426 0.27307989]]"
104,The storm affected the scheduled flight. It was bringing high winds.,0.9089984732187226,0.9089984732114157,-5.207232087558962,4.597113947883984,1.3220855074858644,"[[0.03807128 0.91103512 0.00203665 0.04885695]
 [0.20669609 0.74241031 0.01057557 0.04031803]
 [0.02118555 0.43636613 0.01892238 0.52352594]
 [0.09532578 0.3622259  0.12194589 0.42050243]]"
105,The enthusiastic heart pumped blood with assurance. It was a well-functioning organ.,0.3953755783166347,0.3953755783137427,-2.9754884726476423,1.5815023132669181,1.2443339278712924,"[[0.38343078 0.16046312 0.37652941 0.07957669]
 [0.23714222 0.30675168 0.20693648 0.24916962]
 [0.63027643 0.20917785 0.12968375 0.03086197]
 [0.34617258 0.49328171 0.09790613 0.06263959]]"
106,The enthusiastic students memorized the imaginative books. They were mastering new subjects.,0.8713685171148525,0.8713685171142506,-5.49548053886474,4.759109525274793,1.3235096610167671,"[[0.24553143 0.00979793 0.72190103 0.02276961]
 [0.14457621 0.11075315 0.42916201 0.31550863]
 [0.09342252 0.00264142 0.87400994 0.02992611]
 [0.05321142 0.04285253 0.5205268  0.38340925]]"
107,The knife scratched the school fence with minimal effort. It was an accurate instrument.,0.8142691621689233,0.8142691621685669,-4.076801036257374,3.2570766486756932,1.3411808790102768,"[[0.58574704 0.07047773 0.30137698 0.04239825]
 [0.18710629 0.46911847 0.09105249 0.25272275]
