,Sentence,CF,SF,CbD,DI,Violation,Distribution
0,The knife scraped the school fence rapidly. It was enclosing the private property.,0.3879787227659157,0.3879787227336039,-2.338134440481464,1.5519148911048108,1.5819689303896067,"[[5.84759364e-01 3.34097787e-01 5.16391923e-02 2.95036573e-02]
 [9.14887085e-01 3.97006505e-03 8.07922593e-02 3.50590287e-04]
 [3.86739798e-01 2.20960824e-01 2.49658758e-01 1.42640620e-01]
 [6.05074957e-01 2.62566494e-03 3.90604388e-01 1.69499040e-03]]"
1,The skillful heart pushed muscle-oxygenating blood that nourished cells. It was a life-invigorating fluid.,0.24543467546226339,0.24543467523956408,-2.100241726751155,0.9817387018637517,1.5819689303896067,"[[0.44926322 0.20120051 0.24141821 0.10811806]
 [0.58274941 0.06771431 0.31314899 0.03638729]
 [0.56846761 0.25458566 0.12221382 0.05473291]
 [0.73737211 0.08568116 0.15852629 0.01842044]]"
2,The resourceful sailors escaped off the boats. They were suffering structural damage.,0.7673893001409603,0.7673893025074544,-4.062600725013794,3.069557210029818,1.581968930389607,"[[0.53325275 0.31781543 0.09331603 0.05561579]
 [0.07121643 0.77985175 0.01246245 0.13646937]
 [0.18105673 0.10790873 0.44551204 0.2655225 ]
 [0.02418031 0.26478516 0.05949857 0.65153597]]"
3,The storm caused a delay for the morning flight. It was producing tornadoes.,0.8616016712388439,0.8616016710243082,-5.263313047230505,4.403582414858761,1.581968930389607,"[[0.44810915 0.03414035 0.4810969  0.03665361]
 [0.34796395 0.13428554 0.37357947 0.14417103]
 [0.06281839 0.00478598 0.86638765 0.06600797]
 [0.04877949 0.01882488 0.67276394 0.25963169]]"
4,The heart pumped blood that maintained life. It was a blood-pressure-controlling liquid.,0.5167650170174104,0.5167650169982165,-3.7815022201723085,2.0670600681198104,1.581968930389607,"[[0.5678364  0.39036431 0.02477055 0.01702874]
 [0.422984   0.53521671 0.0184517  0.02334759]
 [0.33325472 0.229099   0.25935222 0.17829405]
 [0.24824301 0.31411072 0.19319269 0.24445359]]"
5,The lively birds chirped and ate the seeds. They were a sweet treat.,0.81776763490437,0.8177676349355323,-4.120389791249581,3.2710705397458684,1.5819689303896065,"[[0.11029497 0.82535345 0.00758581 0.05676577]
 [0.67934587 0.25630254 0.04672373 0.01762785]
 [0.07609844 0.56945584 0.04178234 0.31266338]
 [0.46871734 0.17683694 0.25735226 0.09709346]]"
6,The sniper took aim the ruthless terrorist. He was a barbaric bomb maker.,0.7625210186836591,0.7625210185389937,-4.666904860756581,3.5845035364136777,1.5819689303896072,"[[0.2336213  0.05092534 0.5874086  0.12804476]
 [0.11898361 0.16556303 0.2991679  0.41628546]
 [0.04803754 0.01047134 0.77299236 0.16849876]
 [0.02446558 0.0340433  0.39368593 0.54780519]]"
7,The storm disrupted the commercial flight. It was causing flash floods.,0.41369238362291805,0.41369238362619676,-2.388544313110805,1.8430455783555661,1.581968930389607,"[[4.79398191e-01 4.19778773e-01 5.37540251e-02 4.70690110e-02]
 [8.93704223e-01 5.47274125e-03 1.00209388e-01 6.13648269e-04]
 [4.43883489e-01 3.88680788e-01 8.92687269e-02 7.81669964e-02]
 [8.27496966e-01 5.06731048e-03 1.66416644e-01 1.01907903e-03]]"
8,The bold sailors dove off the boats. They were not sturdy.,0.6991098631673334,0.6991098631768897,-3.275834062909174,2.3505456365890303,1.5819689303896067,"[[0.0565656  0.61526681 0.0276304  0.30053719]
 [0.40854713 0.26328528 0.19956157 0.12860602]
 [0.00741667 0.08067144 0.07677933 0.83513255]
 [0.05356715 0.03452096 0.55454155 0.35737034]]"
9,The winning sniper killed the dangerous terrorist. He was a barbaric dictator.,0.7173758998568713,0.7173758998740757,-5.117861258633309,3.813000541502422,1.5819689303896072,"[[1.29176513e-03 8.84862481e-04 5.92179127e-01 4.05644246e-01]
 [1.56619790e-03 6.10429712e-04 7.17986330e-01 2.79837043e-01]
 [2.12223206e-01 1.45373450e-01 3.81247685e-01 2.61155658e-01]
 [2.57309578e-01 1.00287078e-01 4.62242950e-01 1.80160394e-01]]"
10,The hardworking bee gathered pollen from the lovely flower. It was generating pollen.,0.48314377102377604,0.4831437710250366,-4.136349267990234,2.543198984921366,1.581968930389607,"[[0.13838007 0.51876391 0.07219794 0.27065808]
 [0.11434319 0.54280079 0.05965702 0.283199  ]
 [0.07648909 0.2867449  0.13408892 0.50267709]
 [0.06320279 0.3000312  0.11079742 0.52596859]]"
11,The sailors abandoned the ill-designed boats. They were navigating poorly.,0.7503608472867017,0.75036084733817,-4.195613255995754,3.00144338935268,1.581968930389607,"[[0.03341281 0.40232192 0.04326872 0.52099655]
 [0.27724683 0.1584879  0.35902752 0.20523776]
 [0.06341887 0.7636235  0.01326266 0.15969497]
 [0.52622584 0.30081653 0.1100485  0.06290913]]"
12,The hardworking bee gathered pollen from the intricate flower. It was a treasure.,0.5221761951406426,0.5221761952273638,-3.370458499078848,2.088704780910148,1.581968930389607,"[[0.01169169 0.009813   0.5319892  0.44650611]
 [0.00477388 0.01673082 0.21721839 0.76127692]
 [0.21236242 0.1782388  0.33131847 0.27808031]
 [0.08671045 0.30389077 0.13528182 0.47411697]]"
13,The brave students learned from the stimulating books. They were convincing.,0.8122193710044379,0.8122193710113528,-4.374446201926611,3.36153062736165,1.5819689303896065,"[[0.03756396 0.59442492 0.02187373 0.3461374 ]
 [0.38161105 0.25037782 0.22221453 0.14579659]
 [0.05180928 0.81984778 0.00762841 0.12071454]
 [0.52632883 0.34532822 0.07749675 0.05084619]]"
14,The sailors left the navy boats. They were facing the storm.,0.6444712732978328,0.6444712732932167,-5.927576611927662,4.653068501477415,1.581968930389607,"[[0.0502014  0.66450998 0.0200387  0.26524992]
 [0.11498161 0.59972977 0.04589677 0.23939185]
 [0.04774039 0.63193384 0.02249972 0.29782605]
 [0.10934489 0.57032934 0.05153349 0.26879228]]"
15,The serrated knife scraped the old fence surrounding the garden. It was a separating the yards.,0.48088911352201913,0.480889113542201,-4.223590008156125,2.5202006525899057,1.581968930389607,"[[0.01454177 0.01400318 0.4948923  0.47656275]
 [0.0114182  0.01712676 0.3885893  0.58286574]
 [0.12778973 0.12305672 0.38164434 0.36750921]
 [0.10034046 0.15050599 0.29966704 0.44948651]]"
16,The precision knife cut through the fence surrounding the property. It was separating the fields.,0.42145863376681314,0.421458633799664,-3.1261986253412157,1.950885866114979,1.581968930389607,"[[0.42360543 0.4473919  0.06273984 0.06626283]
 [0.84840952 0.02258781 0.12565721 0.00334546]
 [0.2698221  0.28497327 0.21652316 0.22868146]
 [0.54040772 0.01438766 0.43365901 0.01154561]]"
17,The activist people held a vigil against the government. They were demanding a voice.,0.7045335794569401,0.7045335794505538,-3.711916367101196,2.8181343178022145,1.5819689303896065,"[[0.00401823 0.15561717 0.02115308 0.81921151]
 [0.071351   0.0882844  0.37561126 0.46475334]
 [0.01836763 0.71133726 0.00680368 0.26349142]
 [0.32615055 0.40355435 0.12081171 0.14948339]]"
18,The diligent birds pecked at the mouth-watering seeds. They were a filling food.,0.6174892495793928,0.617489249580885,-3.3253720879408455,2.469956998331586,1.581968930389607,"[[0.01012949 0.08538686 0.09592033 0.80856331]
 [0.0681037  0.02741266 0.64490191 0.25958174]
 [0.02920472 0.24618206 0.07684511 0.64776812]
 [0.19635232 0.07903446 0.51665329 0.20795993]]"
19,The police chased the criminals for hours. They were notorious and dangerous.,0.6564464744330776,0.6564464745390091,-4.107961556555425,2.6257858981677504,1.581968930389607,"[[0.3022094  0.26260203 0.23285307 0.2023355 ]
 [0.42259617 0.14221526 0.32561137 0.1095772 ]
 [0.0490979  0.04266316 0.48596457 0.42227436]
 [0.06865632 0.02310474 0.67955122 0.22868771]]"
20,The sniper took out the terrorist. He was a ruthless assassin.,0.6566243359490866,0.6566243359524948,-3.8412993181526014,2.6264973438411667,1.5819689303896065,"[[0.10373476 0.08427589 0.44801461 0.36397474]
 [0.15880037 0.02921028 0.68583461 0.12615474]
 [0.41270133 0.33528562 0.13904804 0.11296501]
 [0.63177594 0.116211   0.21285904 0.03915401]]"
21,The monstrous storm destroyed the flight. It was bringing high winds.,0.5366462596343773,0.536646261050701,-4.107385896091391,2.5318216573730217,1.581968930389607,"[[0.00662242 0.36329702 0.01127991 0.61880064]
 [0.10121377 0.26870568 0.17239652 0.45768403]
 [0.00992771 0.54462088 0.00797462 0.43747679]
 [0.1517302  0.40281839 0.12188009 0.32357132]]"
22,The treacherous storm cancelled the flight. It was flying to Hawaii.,0.3353448473457582,0.33534484734035286,-3.4101015362924425,1.9496707712892998,1.581968930389607,"[[0.58030705 0.0441402  0.34900612 0.02654663]
 [0.27594041 0.34850683 0.16595507 0.20959769]
 [0.63376564 0.04820644 0.29554753 0.02248038]
 [0.30136038 0.38061171 0.1405351  0.17749282]]"
23,The diligent birds tried the tall seeds. They were fearless.,0.5633592950323153,0.5633592950245578,-3.685938345099725,2.298738408744283,1.581968930389607,"[[0.04083854 0.58751381 0.02415452 0.34749313]
 [0.40194297 0.22640939 0.2377347  0.13391295]
 [0.01945756 0.27992143 0.0455355  0.65508551]
 [0.19150605 0.10787294 0.44817161 0.2524494 ]]"
24,The imaginative bee buzzed around the sweet flower. It was abundant with pollen.,0.4736419302499154,0.473641930179166,-3.047549570133099,1.894567720999814,1.5819689303896072,"[[0.43347334 0.50303149 0.02938956 0.03410561]
 [0.86928644 0.06721839 0.05893775 0.00455742]
 [0.24163594 0.28041052 0.22122696 0.25672658]
 [0.48457616 0.03747031 0.44364803 0.0343055 ]]"
25,The diligent birds chose the overlooked seeds. They were a quick snack.,0.7844232371582605,0.7844232373176099,-4.175137750893666,3.137692949270439,1.5819689303896072,"[[0.04433817 0.40640432 0.05402879 0.49522872]
 [0.31607062 0.13467187 0.38515153 0.16410598]
 [0.08683739 0.79595281 0.01152957 0.10568023]
 [0.61903204 0.26375816 0.08219011 0.03501969]]"
26,The sniper assassinated the notorious terrorist. He was a precise marksman.,0.20391604487792991,0.20391604508203542,-1.7143543622150503,0.8535417299599715,1.5819689303896067,"[[0.55408917 0.19503224 0.18556286 0.06531573]
 [0.71394076 0.03518065 0.23909669 0.0117819 ]
 [0.61716842 0.21723533 0.1224836  0.04311265]
 [0.79521803 0.03918572 0.15781943 0.00777682]]"
27,The sharp knife scratched the fence effortlessly. It was weak and unstable.,0.38709875112329495,0.3870987612903547,-1.9736327899684754,1.548121756426839,1.5819689303896067,"[[9.14545658e-01 8.54436317e-02 9.79484394e-06 9.15106895e-07]
 [8.60482449e-01 1.39506841e-01 9.21582342e-06 1.49412741e-06]
 [5.60584860e-01 5.23739912e-02 3.53970593e-01 3.30705556e-02]
 [5.27445982e-01 8.55128690e-02 3.33045683e-01 5.39954664e-02]]"
28,The storm devastated the commercial flight. It was putting lives in peril.,0.37772512974725525,0.37772512976147565,-2.4232670305805617,1.510900519046643,1.5819689303896065,"[[0.812272   0.15149327 0.03053903 0.0056957 ]
 [0.56480513 0.39896014 0.02123501 0.01499972]
 [0.66108932 0.12329685 0.18172171 0.03389211]
 [0.45968178 0.32470439 0.12635836 0.08925547]]"
29,The chirpy birds foraged for the seeds. They were seeking new experiences.,0.8021082372561893,0.8021082372572814,-4.0095878931481925,3.2084329490291257,1.581968930389607,"[[0.19575618 0.63629884 0.03951213 0.12843285]
 [0.02491737 0.80713765 0.00502941 0.16291557]
 [0.05378464 0.17482517 0.18148366 0.58990652]
 [0.00684613 0.22176369 0.02310065 0.74828953]]"
30,The imaginative bee stopped at the pristine flower. It was collecting essential pollen.,0.5069874211697905,0.506987421170273,-3.6247851982218737,2.077822650924374,1.581968930389607,"[[0.28251135 0.42883215 0.11464045 0.17401605]
 [0.49714038 0.21420313 0.20173488 0.08692161]
 [0.0762086  0.11567924 0.3209432  0.48716896]
 [0.13410566 0.05778218 0.5647696  0.24334256]]"
31,The serrated knife scraped the construction fence surrounding the park. It was a rotten and weakened.,0.32538704168434995,0.32538704168479193,-3.2848789020396167,1.7653647019526724,1.581968930389607,"[[0.18307422 0.30668469 0.19073056 0.31951053]
 [0.17655603 0.31320288 0.18393977 0.32630132]
 [0.01809878 0.03031895 0.355706   0.59587627]
 [0.01745439 0.03096334 0.3430414  0.60854086]]"
32,The unwavering people led a protest against the government. They were embezzling public funds.,0.7732378183125345,0.7732378236194286,-4.077138155300251,3.0929512944777136,1.581968930389607,"[[0.33530731 0.1215931  0.39856665 0.14453295]
 [0.07697966 0.37992074 0.09150271 0.45159689]
 [0.69110393 0.25061627 0.04277003 0.01550977]
 [0.15866325 0.78305694 0.00981912 0.04846069]]"
33,The sailors jumped off the navy boats. They were ignoring the warnings.,0.43651660933295244,0.43651660933347514,-3.8756454669213287,2.1492096822539626,1.5819689303896065,"[[0.21364488 0.30170429 0.20091848 0.28373236]
 [0.18080467 0.3345445  0.17003449 0.31461634]
 [0.32640885 0.46094692 0.08815451 0.12448973]
 [0.27623523 0.51112053 0.07460392 0.13804031]]"
34,The clever bee crawled on the flower. It was producing honey.,0.6470737772668358,0.6470737772631101,-3.905855572663315,2.58829510908694,1.581968930389607,"[[0.27879528 0.4206711  0.11978754 0.18074609]
 [0.52879454 0.17067183 0.22720255 0.07333108]
 [0.04341496 0.06550835 0.35516785 0.53590883]
 [0.08234571 0.02657761 0.67365138 0.2174253 ]]"
35,The active bee hovered above the flowering flower. It was an untouched paradise.,0.5562918502070293,0.5562918577180509,-3.694792695687494,2.299859177217952,1.581968930389607,"[[0.36142928 0.4328344  0.09362021 0.11211611]
 [0.18901238 0.6052513  0.04895945 0.15677687]
 [0.09979185 0.11950704 0.35525764 0.42544347]
 [0.05218696 0.16711193 0.18578487 0.59491624]]"
36,The graceful birds foraged for the scattered seeds. They were a juicy delight.,0.6324548618842726,0.6324548618936758,-3.522066461084684,2.4528574413325597,1.5819689303896065,"[[0.0894202  0.64125763 0.03295959 0.23636258]
 [0.53748233 0.19319549 0.19811181 0.07121036]
 [0.02128857 0.15266642 0.10109121 0.7249538 ]
 [0.12796027 0.04599472 0.60763387 0.21841114]]"
37,The bee hovered over the flower. It was full of pollen.,0.5760779760663518,0.5760779792744664,-2.824914512675725,2.13949087316303,1.581968930389607,"[[0.89923911 0.03876003 0.05943886 0.002562  ]
 [0.70957523 0.22842391 0.04690225 0.0150986 ]
 [0.40629276 0.01751249 0.55238521 0.02380954]
 [0.32059913 0.10320612 0.43587836 0.14031639]]"
38,The heart pumped energy-providing blood that rejuvenated cells. It was a brain-oxygenating liquid.,0.35429112043030486,0.3542911208541536,-3.217935901659855,1.4171644836267756,1.5819689303896065,"[[0.48097076 0.32098547 0.11877613 0.07926763]
 [0.35900783 0.44294841 0.08865728 0.10938648]
 [0.34901877 0.23292467 0.25072813 0.16732844]
 [0.26051577 0.32142766 0.18714934 0.23090723]]"
39,The durable knife scratched the swimming fence with care. It was sharp and powerful.,0.8865687125477721,0.886568712548796,-4.312196232430605,3.546274850195184,1.5819689303896072,"[[0.00784994 0.00091765 0.88748636 0.10374606]
 [0.00262279 0.00614479 0.29652341 0.694709  ]
 [0.37561239 0.04390862 0.5197239  0.06075508]
 [0.12549812 0.2940229  0.17364808 0.4068309 ]]"
40,The storm obstructed the flight. It was carrying important documents.,0.5454026558598424,0.5454026558603758,-2.5663929289991136,1.7883801898712404,1.581968930389607,"[[9.15092808e-01 3.67274579e-03 8.09097128e-02 3.24732972e-04]
 [5.04317279e-01 4.14448275e-01 4.45901944e-02 3.66442514e-02]
 [6.70220223e-01 2.68994410e-03 3.25782299e-01 1.30753466e-03]
 [3.69365420e-01 3.03544747e-01 1.79542054e-01 1.47547779e-01]]"
41,The knife punctured the weak fence effortlessly. It was a precise tool.,0.5404336358996495,0.5404336359015067,-3.4558091763281737,2.1617345436184836,1.5819689303896067,"[[0.77022271 0.22630279 0.00268547 0.00078903]
 [0.45450717 0.54201833 0.00158469 0.00188981]
 [0.45116898 0.1325601  0.3217392  0.09453172]
 [0.26623408 0.317495   0.18985778 0.22641314]]"
42,The durable knife sliced through the fence smoothly. It was enclosing the prison yard.,0.10693452413249405,0.10693452436764539,-1.4538594189845209,0.5030445932216678,1.581968930389607,"[[0.64658019 0.21276482 0.10583029 0.0348247 ]
 [0.7546524  0.1046926  0.12351923 0.01713577]
 [0.58979167 0.19407789 0.16261881 0.05351163]
 [0.68837201 0.09549755 0.18979962 0.02633082]]"
43,The people took to the streets against the government. They were risking their safety.,0.9353955996954723,0.9353955998438752,-6.025776738412537,5.584152925987927,1.5819689303896065,"[[3.26626034e-01 6.19734822e-01 1.85129603e-02 3.51261839e-02]
 [1.03770890e-02 9.35983767e-01 5.88166945e-04 5.30509773e-02]
 [2.78106660e-01 5.27674966e-01 6.70323343e-02 1.27186040e-01]
 [8.83560177e-03 7.96946024e-01 2.12965419e-03 1.92088720e-01]]"
44,The adventurous students studied the books. They were struggling to stay awake.,0.8549502848809155,0.8549502848836994,-5.879555298108318,5.202867223503236,1.5819689303896065,"[[0.16783677 0.75100274 0.01482491 0.06633558]
 [0.05870394 0.86013557 0.00518528 0.07597521]
 [0.11478975 0.51363845 0.06787193 0.30369987]
 [0.04014979 0.58827841 0.02373943 0.34783237]]"
45,The skilled sailors slid off the unprotected boats. They were suffering structural damage.,0.6920839388314893,0.692083938861671,-3.7560374892145605,2.768335755517745,1.581968930389607,"[[0.11342076 0.06759809 0.51314801 0.30583313]
 [0.01514745 0.1658714  0.06853142 0.75044973]
 [0.48606876 0.28969406 0.14050002 0.08373717]
 [0.06491496 0.71084785 0.01876392 0.20547327]]"
46,The birds feasted on the crisp seeds. They were savory.,0.551099165636422,0.5510991656347111,-3.8741555052955112,2.204396662539504,1.5819689303896067,"[[0.01797478 0.56400971 0.01291055 0.40510495]
 [0.3095727  0.2724118  0.22235333 0.19566218]
 [0.01256288 0.39419599 0.01832245 0.57491868]
 [0.21636563 0.19039324 0.3155604  0.27768073]]"
47,The students created projects based on the humorous books. They were outdated.,0.5952189507898338,0.5952189507773333,-3.841018566259894,2.4019083384657125,1.581968930389607,"[[0.05925012 0.56498283 0.03566656 0.34010049]
 [0.4340877  0.19014525 0.26130607 0.11446098]
 [0.06550539 0.62463025 0.0294113  0.28045307]
 [0.47991602 0.21021961 0.21547775 0.09438662]]"
48,The heart beat blood that fought infections. It was a sustaining fluid.,0.5045927375069261,0.5045927376651933,-3.2660904370395456,2.2966940652684418,1.5819689303896067,"[[0.76675191 0.14437305 0.07479227 0.01408277]
 [0.68160351 0.22952145 0.06648653 0.02238851]
 [0.28355953 0.05339192 0.55798465 0.1050639 ]
 [0.25207002 0.08488142 0.49602002 0.16702854]]"
49,The storm battered the scheduled flight. It was putting lives in peril.,0.20259940787609432,0.20259940802285925,-2.278988976029652,1.0270835653008996,1.581968930389607,"[[0.62898189 0.11730864 0.21382914 0.03988033]
 [0.43735621 0.30893432 0.14868394 0.10502554]
 [0.66467411 0.12396544 0.17813692 0.03322353]
 [0.46217443 0.32646512 0.12386571 0.08749474]]"
50,The birds chewed on the tempting seeds. They were bursting with flavor.,0.5774171049925163,0.5774171050166315,-4.7703885064286204,3.1848864350678987,1.5819689303896065,"[[0.45900673 0.11786763 0.33667213 0.08645351]
 [0.55145724 0.02541711 0.40448271 0.01864294]
 [0.30118263 0.07734022 0.49449623 0.12698092]
 [0.36184511 0.01667774 0.59409484 0.02738231]]"
51,The winning sniper targeted the brutal terrorist. He was a top assassin.,0.2572343876337463,0.25723438763547823,-2.641387316853158,1.2047184466612908,1.581968930389607,"[[0.41757351 0.3699184  0.11268401 0.09982407]
 [0.65475002 0.13274189 0.17668711 0.03582097]
 [0.3300043  0.29234293 0.20025322 0.17739955]
 [0.5174426  0.10490463 0.31399454 0.06365823]]"
52,The passionate people staged a boycott against the government. They were promoting human rights.,0.468155974107196,0.4681559741244493,-3.284366757836625,1.879819700470132,1.5819689303896063,"[[0.51463356 0.20184718 0.20364613 0.07987314]
 [0.6845383  0.03194244 0.27087929 0.01263997]
 [0.34999012 0.1372715  0.36828956 0.14444882]
 [0.46553832 0.0217233  0.48987927 0.02285911]]"
53,The heart moved brain-enhancing blood with resilience. It was a powerful muscle.,0.434545790462037,0.43454579046196695,-2.5044183716541517,1.7487308573444933,1.581968930389607,"[[1.80018488e-01 2.63679285e-01 2.25704730e-01 3.30597497e-01]
 [4.06071418e-03 4.39637059e-01 5.09126815e-03 5.51210959e-01]
 [2.64331048e-03 3.87174798e-03 4.03079907e-01 5.90405034e-01]
 [5.96256999e-05 6.45543276e-03 9.09235663e-03 9.84392585e-01]]"
54,The fearless heart pumped blood that nourished cells. It was a invigorating liquid.,0.5510844678890162,0.5510844678941016,-4.750410051806838,3.0793968166978445,1.581968930389607,"[[0.13645581 0.09081115 0.46396499 0.30876805]
 [0.10136827 0.12589869 0.34466343 0.42806961]
 [0.02962256 0.01971377 0.57079824 0.37986543]
 [0.02200557 0.02733077 0.42402613 0.52663754]]"
55,The knife scraped the fence with power. It was a powerful tool.,0.5010522886279803,0.5010522886343713,-3.3613931670157595,2.0042091545417486,1.581968930389607,"[[0.26313289 0.05721419 0.55826648 0.12138644]
 [0.14472892 0.17561816 0.30705894 0.37259398]
 [0.65876771 0.14323888 0.16263166 0.03536175]
 [0.36233684 0.43966975 0.08945102 0.10854239]]"
56,The bee collected nectar from the awe-inspiring flower. It was searching for pollen.,0.9606640300346819,0.9606640300358156,-5.49481429420251,4.893734084662347,1.581968930389607,"[[1.61700272e-02 1.37568600e-02 5.24147685e-01 4.45925428e-01]
 [2.96453027e-02 2.81584557e-04 9.60945615e-01 9.12749815e-03]
 [1.49964219e-01 1.27584001e-01 3.90353492e-01 3.32098287e-01]
 [2.74936746e-01 2.61147416e-03 7.15654171e-01 6.79760855e-03]]"
57,The determined bee rested on the pristine flower. It was in full bloom.,0.4545115547771852,0.45451155477739624,-2.2091632377173482,1.5290262956661187,1.5819689303896065,"[[0.01902802 0.2305266  0.0572199  0.69322548]
 [0.10105172 0.1485029  0.30387655 0.44656883]
 [0.00172867 0.02094303 0.07451925 0.90280905]
 [0.00918041 0.01349129 0.39574786 0.58158044]]"
58,The unpredictable storm affected the international flight. It was putting lives in peril.,0.30834671844396777,0.30834671844480144,-3.0356423284622878,1.2333868737797227,1.5819689303896067,"[[0.5011696  0.09347093 0.34164143 0.06371804]
 [0.34848322 0.24615731 0.23755692 0.16780255]
 [0.45045242 0.08401189 0.39235861 0.07317707]
 [0.31321754 0.22124677 0.2728226  0.19271309]]"
59,The sniper targeted the ruthless terrorist. He was a barbaric drug lord.,0.5544016380384933,0.5544016380521537,-4.66444931712458,3.0973567970480365,1.581968930389607,"[[0.47688757 0.05623901 0.41762339 0.04925003]
 [0.40147851 0.13164807 0.35158563 0.11528779]
 [0.30423152 0.03587781 0.59027944 0.06961123]
 [0.25612413 0.08398519 0.49694    0.16295067]]"
60,The active bee descended on the rich flower. It was a popular destination.,0.4412623751982676,0.4412623752438357,-2.25170885305739,1.525330867298387,1.581968930389607,"[[4.35244654e-04 3.37580976e-03 1.13770591e-01 8.82418355e-01]
 [1.07934150e-03 2.73171292e-03 2.82134011e-01 7.14054934e-01]
 [4.39856662e-02 3.41158105e-01 7.02201694e-02 5.44636059e-01]
 [1.09077859e-01 2.76065912e-01 1.74135494e-01 4.40720735e-01]]"
61,The sailors tumbled off the safe boats. They were causing accidents.,0.6481840503986903,0.6481840503773569,-3.6992251655402972,2.5927362020776643,1.5819689303896065,"[[0.37187004 0.08330672 0.44510936 0.09971388]
 [0.10342269 0.35175408 0.12379165 0.42103159]
 [0.71518245 0.16021594 0.10179695 0.02280466]
 [0.19890306 0.67649532 0.02831127 0.09629034]]"
62,The unyielding heart circulated essential blood that aided digestion. It was a life-invigorating fluid.,0.6893431548971651,0.6893431548982905,-3.832337755954635,2.7573726195931627,1.5819689303896067,"[[0.14266387 0.06389137 0.54801756 0.2454272 ]
 [0.18505251 0.02150273 0.71084589 0.08259887]
 [0.54434937 0.24378441 0.14633206 0.06553416]
 [0.70608779 0.08204599 0.18981061 0.02205561]]"
63,The sniper executed the brutal terrorist. He was a bad human rights violator.,0.23348335116303243,0.2334833511638219,-2.8175513979588143,1.2530271577071694,1.5819689303896067,"[[0.08779009 0.25106325 0.17128981 0.48985686]
 [0.05001426 0.28883907 0.09758429 0.56356238]
 [0.09873066 0.28235124 0.16034924 0.45856886]
 [0.05624714 0.32483477 0.09135141 0.52756668]]"
64,The brave students delved into the books. They were filled with knowledge.,0.8022459810666013,0.8022459810684082,-4.273485468004358,3.2089839242736313,1.5819689303896067,"[[0.34916252 0.47730204 0.07331478 0.10022065]
 [0.0200158  0.80644876 0.00420278 0.16933265]
 [0.15476061 0.21155637 0.26771669 0.36596632]
 [0.00887168 0.3574453  0.01534691 0.61833611]]"
65,The storm caused trouble for the scheduled flight. It was full of passengers.,0.43150408830523834,0.43150408895396875,-2.6022847443878456,1.921347653972569,1.5819689303896067,"[[0.43550103 0.07183135 0.4229126  0.06975502]
 [0.41457883 0.09275355 0.40259517 0.09007245]
 [0.84782878 0.13984051 0.01058485 0.00174586]
 [0.80709767 0.18057162 0.01007633 0.00225437]]"
66,The police identified the criminals in court. They were highly unpredictable and dangerous.,0.42122327645297464,0.42122327645604374,-2.693747408937299,1.6848931058191434,1.5819689303896067,"[[0.00237627 0.1709186  0.01133602 0.81536911]
 [0.04871282 0.12458204 0.23238507 0.59432006]
 [0.00596396 0.4289716  0.00774833 0.5573161 ]
 [0.12225947 0.31267609 0.15883842 0.40622601]]"
67,The skilled bee approached the symmetrical flower. It was seeking the sweetest nectar.,0.14674435147205267,0.14674435122723506,-2.389757514378176,0.7278184299821029,1.581968930389607,"[[0.48632405 0.14152237 0.28826673 0.08388685]
 [0.3720845  0.25576192 0.22055167 0.1516019 ]
 [0.51649613 0.15030258 0.25809465 0.07510664]
 [0.39516904 0.27162968 0.19746714 0.13573415]]"
68,The powerful knife sliced through the parking fence separating the yards. It was a transparent and thin.,0.4712436308028305,0.47124363080178333,-3.6689959089463993,2.1811788430151378,1.581968930389607,"[[0.57716787 0.14642395 0.22047503 0.05593316]
 [0.18259708 0.54099473 0.0697511  0.20665708]
 [0.49650706 0.12596079 0.30113584 0.07639631]
 [0.15707863 0.46538922 0.09526955 0.2822626 ]]"
69,The turbulent storm prevented the flight. It was flying to Hawaii.,0.5391605459013202,0.5391605461332878,-3.067285352785601,1.9496707712892987,1.5819689303896065,"[[0.81362575 0.06188724 0.11568742 0.00879959]
 [0.38688523 0.48862776 0.05501025 0.06947676]
 [0.55869898 0.04249661 0.37061419 0.02819022]
 [0.26566561 0.33552998 0.17622986 0.22257454]]"
70,The familia birds ate the tasty seeds. They were a new experience.,0.6461552581838781,0.6461552581845768,-3.6514581665514187,2.58462103273921,1.581968930389607,"[[0.09627989 0.67474756 0.0285923  0.20038024]
 [0.56673808 0.20428938 0.16830459 0.06066796]
 [0.02246282 0.15742368 0.10240938 0.71770412]
 [0.13222426 0.04766225 0.6028184  0.21729509]]"
71,The sniper assassinated the notorious terrorist. He was a precise assassin.,0.3311701883093855,0.33117018830385714,-2.5971768146841727,1.324680753243864,1.581968930389607,"[[0.37698304 0.37213837 0.12625053 0.12462806]
 [0.60769652 0.1414249  0.2035158  0.04736279]
 [0.41989998 0.41450378 0.08333359 0.08226266]
 [0.6768786  0.15752515 0.13433371 0.03126253]]"
72,The birds nibbled on the seeds. They were bursting with flavor.,0.14289052235692212,0.1428905224042517,-1.1903001535439128,0.6410443634742486,1.581968930389607,"[[0.64993813 0.1668966  0.14574073 0.03742454]
 [0.78084496 0.03598978 0.17509499 0.00807027]
 [0.72803342 0.18695057 0.06764544 0.01737057]
 [0.87466975 0.04031424 0.0812702  0.00374581]]"
73,The dangerous storm postponed the flight. It was carrying essential supplies.,0.28561081932603194,0.2856108193251736,-3.0281412474114977,1.5540920609314333,1.581968930389607,"[[0.54079831 0.14493352 0.24784571 0.06642245]
 [0.60097644 0.08475539 0.27542511 0.03884306]
 [0.46592358 0.12486715 0.32272044 0.08648882]
 [0.51776992 0.07302082 0.35863164 0.05057763]]"
74,The impulsive sailors jumped from the boats. They were tipping over.,0.595387963943288,0.595387964006532,-3.4322033329091983,2.3130986202939043,1.5819689303896074,"[[0.0456078  0.41868184 0.05262355 0.48308682]
 [0.31409472 0.15019491 0.36241128 0.17329909]
 [0.01307278 0.12000882 0.08515856 0.78175984]
 [0.0900305  0.0430511  0.5864755  0.2804429 ]]"
75,The eager bee descended on the symmetrical flower. It was seeking nectar.,0.36644688527994473,0.3664468852513246,-2.8942544254819706,1.9206946596335968,1.5819689303896074,"[[0.00367547 0.00663583 0.35277549 0.63691321]
 [0.00127899 0.00903231 0.12275909 0.86692961]
 [0.17483384 0.31565113 0.18161712 0.32789791]
 [0.06083882 0.42964615 0.06319927 0.44631576]]"
76,The innovative people marched in solidarity against the unjust government. They were taking bribes.,0.9519464533953805,0.951946453471267,-4.678803576245792,3.8077858138850695,1.581968930389607,"[[4.10417465e-02 9.52224684e-01 2.78230923e-04 6.45533818e-03]
 [5.87363233e-01 4.05903198e-01 3.98186307e-03 2.75170604e-03]
 [2.18902050e-02 5.07882712e-01 1.94297725e-02 4.50797311e-01]
 [3.13278616e-01 2.16494300e-01 2.78066480e-01 1.92160603e-01]]"
77,The sailors jumped off the boats. They were avoiding capsizing.,0.7415259851300711,0.7415259851302095,-3.9897384405732836,2.9661039405209944,1.5819689303896067,"[[0.61941835 0.24473226 0.09737609 0.0384733 ]
 [0.10596615 0.75818447 0.01665848 0.11919091]
 [0.23464366 0.09270774 0.48215078 0.19049782]
 [0.04014134 0.28721005 0.08248328 0.59016532]]"
78,The people staged a walkout against the government. They were engaging in nepotism.,0.8202554598177655,0.8202554598190567,-5.617036007102474,4.744471433782259,1.581968930389607,"[[0.27936225 0.55015231 0.05741575 0.1130697 ]
 [0.00768056 0.821834   0.00157854 0.1689069 ]
 [0.23663382 0.46600657 0.10014417 0.19721543]
 [0.00650582 0.69613458 0.00275328 0.29460632]]"
79,The activist people occupied the city center against the unrepresentative government. They were spreading false information.,0.6998547558867816,0.6998547558893646,-4.876612176629619,3.4061981078625445,1.5819689303896072,"[[2.98838524e-01 7.00155641e-01 3.00885005e-04 7.04950388e-04]
 [4.88704739e-01 5.10289426e-01 4.92051446e-04 5.13783947e-04]
 [1.91715923e-01 4.49175639e-01 1.07423486e-01 2.51684953e-01]
 [3.13522095e-01 3.27369467e-01 1.75674696e-01 1.83433743e-01]]"
80,The knife punctured the fence surrounding the park. It was stuck for a moment.,0.565530625260236,0.5655306252598211,-3.661482178723081,2.262122501044203,1.581968930389607,"[[0.06979488 0.15377498 0.24238889 0.53404125]
 [0.17641909 0.04715077 0.6126814  0.16374874]
 [0.21257704 0.46835855 0.09960673 0.21945768]
 [0.53732661 0.14360898 0.25177388 0.06729053]]"
81,The ambitious students read the books. They were divisive.,0.6163508760382876,0.6163508760990699,-2.6282881055954137,1.7858259307966318,1.581968930389607,"[[7.34159990e-04 3.24889705e-02 2.13636971e-02 9.45413172e-01]
 [1.26978175e-02 2.05253130e-02 3.69500287e-01 5.97276583e-01]
 [1.03540469e-02 4.58200293e-01 1.17438103e-02 5.19701850e-01]
 [1.79080580e-01 2.89473759e-01 2.03117524e-01 3.28328136e-01]]"
82,The curious bee buzzed around the abundant flower. It was collecting valuable pollen.,0.5685518918685732,0.568551891885339,-3.6280802374816026,2.274207567545563,1.581968930389607,"[[0.29128812 0.60298859 0.0344367  0.07128659]
 [0.65269073 0.24158598 0.07716248 0.02856081]
 [0.17571732 0.36374823 0.1500075  0.31052696]
 [0.39373066 0.14573488 0.33612256 0.1244119 ]]"
83,The brave bee stopped at the abundant flower. It was searching for pollen.,0.7635042818002202,0.7635042819064506,-4.152886493147227,3.0540171276258037,1.5819689303896065,"[[0.36662576 0.31191162 0.17369195 0.14777067]
 [0.67215297 0.00638441 0.31843795 0.00302467]
 [0.12269893 0.1043877  0.41761878 0.35529458]
 [0.22494996 0.00213668 0.76564096 0.00727241]]"
84,The hardworking students learned from the humorous books. They were enhancing their understanding.,0.8318734223366134,0.8318734222966081,-5.156389496641386,4.14866031622401,1.581968930389607,"[[0.03743246 0.57792088 0.02339838 0.36124829]
 [0.25233282 0.36302051 0.15772886 0.22691781]
 [0.05430394 0.83840031 0.00652689 0.10076885]
 [0.3660638  0.52664045 0.04399787 0.06329787]]"
85,The sailors sprang from the unprotected boats. They were avoiding capsizing.,0.7054637478581179,0.7054637479699097,-4.015881635837586,2.821854991879639,1.581968930389607,"[[0.32914563 0.13004547 0.38764881 0.15316009]
 [0.05630814 0.40288296 0.06631649 0.47449241]
 [0.59356914 0.23451923 0.1232253  0.04868633]
 [0.10154403 0.72654435 0.0210806  0.15083103]]"
86,The police arrested the criminals after a tip-off. They were trying to sell drugs.,0.8277391740502544,0.8277391893729922,-4.290732041150317,3.4949495459892956,1.581968930389607,"[[0.07668759 0.22419016 0.17819197 0.52093029]
 [0.00989632 0.29098143 0.02299517 0.67612708]
 [0.21935716 0.64127352 0.03552239 0.10384693]
 [0.02830743 0.83232325 0.00458406 0.13478525]]"
87,The plucky birds chewed on the soft seeds. They were satisfying their hunger.,0.44572894140724195,0.4457289415037944,-3.2354943336150885,1.8634089630807515,1.581968930389607,"[[0.37785473 0.44292247 0.08250739 0.09671541]
 [0.76021563 0.06056157 0.16599873 0.01322407]
 [0.22119728 0.25928813 0.23916483 0.28034975]
 [0.44503249 0.03545292 0.48118187 0.03833272]]"
88,The birds flitted to the slow seeds. They were flying to new destinations.,0.43673095174539023,0.43673095174765575,-4.217212906181471,2.471254556835197,1.581968930389607,"[[0.46246661 0.13304186 0.31412454 0.09036698]
 [0.09455336 0.50095511 0.06422416 0.34026737]
 [0.44241405 0.12727316 0.33417711 0.09613568]
 [0.09045352 0.47923368 0.068324   0.3619888 ]]"
89,The hard-working students analyzed the useful books. They were discovering new information.,0.6832345644064189,0.6832345647482164,-5.100854491641541,3.6931317728435915,1.581968930389607,"[[0.12732066 0.36916929 0.12912091 0.37438915]
 [0.01010987 0.48638007 0.01025282 0.49325724]
 [0.18043158 0.52316568 0.07600998 0.22039276]
 [0.01432714 0.68927012 0.00603556 0.29036718]]"
90,The dangerous storm posed a threat to the flight. It was creating dangerous conditions.,0.3187313455466064,0.3187313455508012,-1.9032471650624654,1.4815112840923153,1.581968930389607,"[[8.15226917e-01 1.81088283e-01 3.01505809e-03 6.69741985e-04]
 [9.41187809e-01 5.51273909e-02 3.48091539e-03 2.03884689e-04]
 [5.12168237e-01 1.13769142e-01 3.06073738e-01 6.79888832e-02]
 [5.91303465e-01 3.46339136e-02 3.53365259e-01 2.06973620e-02]]"
91,The precise sniper assassinated the dangerous terrorist. He was a vicious criminal.,0.44677055923853726,0.44677055923998,-4.486022777096121,2.7367746052313153,1.5819689303896065,"[[0.3979228  0.0764524  0.44091279 0.08471201]
 [0.33765945 0.13671574 0.37413884 0.15148597]
 [0.3288781  0.06318693 0.50995749 0.09797748]
 [0.27907122 0.11299381 0.43272707 0.1752079 ]]"
92,The people held hands against the government. They were colluding with corporations.,0.9235553746733589,0.9235553746848935,-4.413014527698715,3.694221498739574,1.581968930389607,"[[7.59715443e-02 9.23588791e-01 3.34166690e-05 4.06247644e-04]
 [6.53690670e-01 3.45869666e-01 2.87530877e-04 1.52133437e-04]
 [4.68886620e-02 5.70027147e-01 2.91162990e-02 3.53967892e-01]
 [4.03449491e-01 2.13466318e-01 2.50528710e-01 1.32555481e-01]]"
93,The resourceful sniper neutralized the terrorist. He was a talented sharpshooter.,0.5128491863524001,0.5128491863520552,-3.510383410322962,2.167655859074573,1.5819689303896067,"[[0.62461092 0.18037837 0.15131359 0.04369712]
 [0.5774227  0.22756659 0.13988212 0.05512859]
 [0.20412659 0.05894873 0.57179792 0.16512676]
 [0.1887052  0.07437013 0.52859962 0.20832505]]"
94,The agile bee flew to the pretty flower. It was a valuable resource.,0.7112071074116544,0.7112071119876818,-4.012687757652658,2.8448284479507273,1.5819689303896065,"[[0.50710228 0.27438059 0.14179522 0.07672191]
 [0.0549193  0.72656357 0.01535646 0.20316067]
 [0.22009188 0.11908631 0.42880562 0.23201619]
 [0.023836   0.31534219 0.04643975 0.61438206]]"
95,The sniper took out the terrorist. He was a notorious assassin.,0.5787540778451989,0.5787541006913794,-3.7171871278560173,2.315016402789594,1.5819689303896072,"[[0.14415994 0.04385071 0.62260481 0.18938454]
 [0.09422676 0.09378388 0.40695104 0.40503831]
 [0.57353002 0.17445692 0.19323473 0.05877833]
 [0.37487446 0.37311249 0.12630335 0.12570971]]"
96,The storm battered the international flight. It was making road conditions hazardous.,0.4334583921632561,0.4334583937262867,-3.62226941692325,1.8400890614743113,1.5819689303896067,"[[0.0561989  0.07710231 0.3653944  0.50130439]
 [0.07554974 0.05775147 0.49120986 0.37548893]
 [0.16654176 0.22848767 0.25505154 0.34991903]
 [0.22388672 0.17114271 0.34287288 0.26209769]]"
97,The smart sailors threw themselves off the boats. They were not safe.,0.852111790759136,0.8521117907606972,-4.3976193249279,3.408447163042788,1.5819689303896067,"[[0.00431516 0.00814489 0.34200461 0.64553533]
 [0.01077261 0.00168744 0.85379923 0.13374071]
 [0.17309687 0.32672116 0.17322291 0.32695906]
 [0.4321286  0.06768943 0.43244325 0.06773872]]"
98,The chirpy birds ate the ripe seeds. They were a satisfying food.,0.5668662397128865,0.5668662396879274,-3.8188276591833166,2.4403773820768704,1.5819689303896067,"[[0.08495802 0.60503672 0.03817048 0.27183478]
 [0.50591991 0.18407483 0.22730294 0.08270232]
 [0.03571228 0.25432848 0.08741622 0.62254302]
 [0.21266452 0.07737625 0.52055833 0.1894009 ]]"
99,The chirpy birds plucked the crisp seeds. They were flavorsome.,0.4112198339229163,0.41121983392285255,-4.065626414919682,2.533046347592596,1.581968930389607,"[[0.0630669  0.46710786 0.05588803 0.41393722]
 [0.06565175 0.464523   0.05817865 0.4116466 ]
 [0.0411432  0.30472896 0.07781173 0.57631612]
 [0.04282949 0.30304267 0.08100091 0.57312693]]"
100,The precise sniper targeted the terrorist. He was a dangerous killer.,0.45229317676376557,0.4522931767655094,-2.790973532493487,1.809172707059919,1.581968930389607,"[[5.36000355e-01 4.56398564e-01 4.10538724e-03 3.49569328e-03]
 [8.82447600e-01 1.09951320e-01 6.75893043e-03 8.42150085e-04]
 [3.36822376e-01 2.86800647e-01 2.03283367e-01 1.73093611e-01]
 [5.54529664e-01 6.90933585e-02 3.34676866e-01 4.17001114e-02]]"
101,The peaceful people blockaded the government building against the out-of-touch government. They were making a point.,0.9204332310322779,0.9204332310373594,-4.3650451842157585,3.681732924149439,1.5819689303896067,"[[7.62603348e-02 9.20668185e-01 2.34953779e-04 2.83652662e-03]
 [6.62821980e-01 3.34106540e-01 2.04211704e-03 1.02936336e-03]
 [4.91300061e-02 5.93131851e-01 2.73652825e-02 3.30372861e-01]
 [4.27016849e-01 2.15245007e-01 2.37847247e-01 1.19890896e-01]]"
102,The hardworking students immersed themselves in the books. They were visually stunning.,0.5134264730179678,0.5134264730185342,-4.8481621325001925,3.2914475111120316,1.581968930389607,"[[0.10954735 0.56603226 0.05260578 0.27181461]
 [0.21281113 0.46276847 0.10219413 0.22222626]
 [0.10125501 0.52318566 0.06089812 0.31466121]
 [0.1967021  0.42773857 0.11830317 0.25725616]]"
103,The birds munched on the exotic seeds. They were looking for a meal.,0.28606787843175474,0.28606787843546566,-2.6453976989482952,1.440383036064563,1.5819689303896065,"[[0.04235381 0.06523651 0.35130439 0.54110529]
 [0.02537584 0.08221448 0.21048032 0.68192935]
 [0.06370503 0.09812325 0.32995317 0.50821855]
 [0.0381682  0.12366008 0.19768797 0.64048375]]"
104,The resilient people took action against the corrupt government. They were committing war crimes.,0.4723336445596147,0.4723336446735107,-2.465428137206298,1.9338413237016074,1.581968930389607,"[[0.00102229 0.0101856  0.09018948 0.89860263]
 [0.00177623 0.00943166 0.15670398 0.83208813]
 [0.04511957 0.44954866 0.04609221 0.45923957]
 [0.07839512 0.4162731  0.08008509 0.42524669]]"
105,The sudden storm forced the commercial flight. It was carrying cargo.,0.5310481737218067,0.5310481737401855,-4.782554947623124,3.047860498683073,1.5819689303896065,"[[0.40752339 0.01834708 0.54939525 0.02473428]
 [0.33909277 0.0867777  0.45714175 0.11698778]
