,Sentence,CF,SF,CbD,DI,Violation,Distribution
0,The knife scraped the school fence rapidly. It was enclosing the private property.,0.5136839018381882,0.5136839017484032,-2.0328355666691884,1.4954620844864088,1.5827662040173291,"[[9.57253006e-01 2.08764079e-02 2.14683975e-02 4.02188316e-04]
 [7.16414612e-01 2.61714802e-01 1.58212175e-02 6.04936836e-03]
 [5.92006745e-01 1.28491375e-02 3.86714659e-01 8.42945874e-03]
 [4.43166916e-01 1.61688966e-01 2.89068914e-01 1.06075204e-01]]"
1,The resourceful sailors escaped off the boats. They were suffering structural damage.,0.5094551628104158,0.5094551628113728,-4.429280001299466,2.897034827114549,1.6108807175236586,"[[0.15162132 0.05260702 0.56206218 0.23370948]
 [0.13951939 0.06470895 0.34000649 0.45576518]
 [0.22531465 0.03940768 0.48836885 0.24690882]
 [0.12405054 0.14067179 0.35547533 0.37980234]]"
2,The storm caused a delay for the morning flight. It was producing tornadoes.,0.5403743784881503,0.5403743784882779,-3.330947890961724,2.2484675611347438,1.666312297785251,"[[0.61179056 0.05040873 0.33154963 0.00625108]
 [0.52000738 0.14219191 0.16393442 0.17386629]
 [0.38291994 0.02004588 0.56042026 0.03661393]
 [0.326643   0.07632282 0.3572988  0.23973539]]"
3,The lively birds chirped and ate the seeds. They were a sweet treat.,0.8616544121024006,0.8616544121023987,-6.208819625636542,5.677358711366007,1.5892693695313496,"[[0.09330051 0.60313668 0.04545142 0.25811139]
 [0.09555438 0.60088281 0.03417838 0.26938442]
 [0.1378848  0.85350237 0.00086713 0.0077457 ]
 [0.1273734  0.86401378 0.00235937 0.00625346]]"
4,The sniper took aim the ruthless terrorist. He was a barbaric bomb maker.,0.1935149334390759,0.19351493607563852,-1.2685136614911314,0.8883430301646276,1.605410736703534,"[[0.02857082 0.13292283 0.2275627  0.61094365]
 [0.01314974 0.14834391 0.02089803 0.81760832]
 [0.05246371 0.04971407 0.20366982 0.69415241]
 [0.00414026 0.09803751 0.02990751 0.86791472]]"
5,The storm disrupted the commercial flight. It was causing flash floods.,0.8453625171492613,0.8453625171496421,-4.715631766041943,3.9255408189496723,1.6101148106195136,"[[0.05441341 0.07491137 0.56623363 0.30444159]
 [0.11364091 0.01568387 0.86104639 0.00962882]
 [0.25864655 0.2259778  0.36200049 0.15337515]
 [0.47920631 0.00541804 0.49548099 0.01989465]]"
6,The bold sailors dove off the boats. They were not sturdy.,0.5112326587779474,0.5112326586387782,-3.2226321951011228,2.1271186646437323,1.625954558494676,"[[0.0633604  0.02337025 0.53460291 0.37866645]
 [0.01081541 0.07591523 0.29944596 0.61382339]
 [0.21934991 0.07036446 0.3786134  0.33167224]
 [0.15929244 0.13042193 0.15096894 0.5593167 ]]"
7,The winning sniper killed the dangerous terrorist. He was a barbaric dictator.,0.8858315092964805,0.8858315092973312,-6.247949570342428,5.687399244222513,1.5793959552523784,"[[0.03129171 0.76217078 0.00693382 0.19960369]
 [0.20301615 0.59044633 0.05442803 0.15210948]
 [0.03479103 0.88926601 0.0034345  0.07250846]
 [0.23935356 0.68470347 0.01809062 0.05785234]]"
8,The hardworking bee gathered pollen from the lovely flower. It was generating pollen.,0.5195353635604907,0.5195353635410312,-4.873300551997448,2.9742346913514845,1.5821294558727288,"[[0.00703231 0.49834591 0.00695443 0.48766735]
 [0.14232981 0.36304841 0.1390251  0.35559668]
 [0.00744952 0.52607259 0.00653722 0.45994067]
 [0.15012329 0.38339881 0.13123162 0.33524628]]"
9,The sailors abandoned the ill-designed boats. They were navigating poorly.,0.6279200845147332,0.6279200846189972,-3.348352156244464,2.511680338480697,1.5921249401723192,"[[0.01535996 0.05621655 0.13619958 0.79222391]
 [0.05957194 0.01200457 0.63992465 0.28849884]
 [0.10390228 0.41277995 0.04765725 0.43566051]
 [0.39938352 0.11729872 0.30011307 0.18320469]]"
10,The hardworking bee gathered pollen from the intricate flower. It was a treasure.,0.4475723952505515,0.447572395276295,-5.098707688415719,3.2036195202192506,1.5819689371706935,"[[0.07808828 0.42918133 0.07584884 0.41688155]
 [0.04377905 0.46349056 0.04252238 0.45020801]
 [0.08217961 0.45169422 0.07175752 0.39436866]
 [0.04607692 0.4877969  0.04022451 0.42590167]]"
11,The brave students learned from the stimulating books. They were convincing.,0.13275582857999946,0.1327558286349717,-1.2688074120692923,0.53102331459061,1.5864011608266215,"[[0.17009696 0.39626866 0.26351283 0.17012154]
 [0.15455694 0.41180868 0.2986819  0.13495248]
 [0.09228745 0.35587371 0.34132234 0.21051649]
 [0.23251991 0.21564125 0.22071893 0.33111991]]"
12,The sailors left the navy boats. They were facing the storm.,0.7003011313378684,0.7003011313389884,-3.9418064958028625,2.951441682692225,1.6115754721013382,"[[0.09064602 0.72932869 0.02902756 0.15099773]
 [0.5062433  0.31373141 0.09825142 0.08177387]
 [0.05966411 0.5823899  0.06000947 0.29793652]
 [0.36525197 0.27680205 0.23924276 0.11870322]]"
13,The serrated knife scraped the old fence surrounding the garden. It was a separating the yards.,0.3981234762476604,0.3981234760988679,-2.5629882286460104,2.285451660512996,1.6492304826007265,"[[2.23376210e-01 3.76065431e-01 2.02825992e-01 1.97732367e-01]
 [2.16702700e-04 5.99224938e-01 2.22049429e-01 1.78508930e-01]
 [4.14136272e-01 2.06253337e-01 1.20659305e-02 3.67544461e-01]
 [8.16352739e-02 5.38754334e-01 1.40630858e-01 2.38979533e-01]]"
14,The activist people held a vigil against the government. They were demanding a voice.,0.9530212701707562,0.9530212701637628,-5.30150703838728,4.471022517339806,1.6097430847941052,"[[0.00465112 0.00427464 0.95729591 0.03377834]
 [0.00708288 0.00184287 0.5661655  0.42490874]
 [0.38335757 0.02515646 0.57858946 0.01289652]
 [0.21659766 0.19191637 0.35665073 0.23483525]]"
15,The diligent birds pecked at the mouth-watering seeds. They were a filling food.,0.4458271817187973,0.4458271817270667,-2.481475199423821,1.9812953752233815,1.582154356449093,"[[0.08401313 0.42591237 0.08100495 0.40906955]
 [0.03277294 0.47715256 0.03132538 0.45874912]
 [0.00237752 0.01222414 0.16264056 0.82275778]
 [0.00095707 0.01364458 0.06314124 0.9222571 ]]"
16,The police chased the criminals for hours. They were notorious and dangerous.,0.7691271625432493,0.7691271625447321,-5.133110074133512,3.9122637129143687,1.5813990057293044,"[[0.22215868 0.77119528 0.00206812 0.00457792]
 [0.4533142  0.54003976 0.00399631 0.00264973]
 [0.15430612 0.51194316 0.06992067 0.26383004]
 [0.30698666 0.35926262 0.15032385 0.18342686]]"
17,The sniper took out the terrorist. He was a ruthless assassin.,0.8783793034595396,0.8783793034232332,-5.519314725187989,5.013990757230543,1.5608218044812614,"[[0.05270933 0.87975689 0.00137758 0.0661562 ]
 [0.22595642 0.70650979 0.02632063 0.04121315]
 [0.02576692 0.60162851 0.02831999 0.34428458]
 [0.19154855 0.43584688 0.0607285  0.31187607]]"
18,The monstrous storm destroyed the flight. It was bringing high winds.,0.8218722287047961,0.8218722286166343,-6.0559818551257845,5.38891927009223,1.5735223835162282,"[[0.20720364 0.047415   0.57277259 0.17260877]
 [0.23863108 0.01598756 0.69364905 0.05173231]
 [0.10233342 0.00807449 0.67764281 0.21194928]
 [0.07569282 0.03471508 0.85658731 0.03300479]]"
19,The treacherous storm cancelled the flight. It was flying to Hawaii.,0.4045470533631581,0.40454705340365293,-2.517804622517665,1.717518536441294,1.5857713447495194,"[[3.35337602e-01 2.61871956e-01 2.32485462e-01 1.70304980e-01]
 [5.94968307e-01 2.24125075e-03 4.02234391e-01 5.56051377e-04]
 [5.39937879e-01 4.07344356e-01 2.78851846e-02 2.48325807e-02]
 [9.44844827e-01 2.43740809e-03 5.23578713e-02 3.59894036e-04]]"
20,The diligent birds tried the tall seeds. They were fearless.,0.38857465302270744,0.3885746530431655,-1.8108236114113847,1.554298612196002,2.1804332797602153,"[[0.24494016 0.06472228 0.00353349 0.68680407]
 [0.07055108 0.23911135 0.31689063 0.37344693]
 [0.13883407 0.49821423 0.10963958 0.25331212]
 [0.12417627 0.51287203 0.26326544 0.09968625]]"
21,The imaginative bee buzzed around the sweet flower. It was abundant with pollen.,0.8796738658862199,0.8796738658861556,-5.32933902316336,4.863248724285755,1.5911427130607732,"[[0.46554547 0.07314566 0.40928397 0.0520249 ]
 [0.49230581 0.04638532 0.411564   0.04974487]
 [0.0190011  0.00519484 0.85582834 0.11997571]
 [0.0233072  0.00088875 0.88056261 0.09524144]]"
22,The diligent birds chose the overlooked seeds. They were a quick snack.,0.5148442374797348,0.5148442374898838,-4.738945690980629,2.9460554854595715,1.581825570545087,"[[0.10665966 0.34884598 0.12717635 0.41731801]
 [0.02075695 0.43474869 0.02482306 0.5196713 ]
 [0.13093801 0.42948624 0.102898   0.33667775]
 [0.0256421  0.53478216 0.01993792 0.41963783]]"
23,The sniper assassinated the notorious terrorist. He was a precise marksman.,0.21769053832163276,0.21769053800732863,-2.775453267989114,1.4307890682165034,1.5766525583575963,"[[0.20432371 0.11932955 0.29512187 0.38122487]
 [0.229182   0.09447126 0.3121618  0.36418495]
 [0.13776001 0.22167884 0.36168557 0.27887558]
 [0.23308531 0.12635354 0.30825849 0.33230266]]"
24,The sharp knife scratched the fence effortlessly. It was weak and unstable.,0.7479123200355176,0.7479123200565256,-4.7945968145939375,3.40849759399408,1.5937331370370522,"[[4.90223819e-01 5.03556049e-01 4.09990846e-03 2.12022430e-03]
 [2.45155605e-01 7.48624263e-01 7.11942674e-04 5.50819009e-03]
 [3.05469224e-01 2.93066581e-01 1.88854503e-01 2.12609692e-01]
 [1.56262021e-01 4.42273785e-01 8.96055266e-02 3.11858668e-01]]"
25,The storm devastated the commercial flight. It was putting lives in peril.,0.4466743761480103,0.44667437614970695,-3.2042052707457374,1.9852825728963317,1.6137299691987046,"[[0.01042217 0.31690117 0.26725491 0.40542175]
 [0.16476185 0.16256149 0.60923587 0.06344079]
 [0.15714482 0.27442441 0.12053225 0.44789852]
 [0.38801254 0.04355669 0.38598518 0.18244559]]"
26,The chirpy birds foraged for the seeds. They were seeking new experiences.,0.5241459907705481,0.5241459907419685,-3.4624591993690785,2.300584270285929,1.555712074618808,"[[0.67548867 0.12334387 0.17434394 0.02682352]
 [0.20129739 0.59753514 0.07338915 0.12777831]
 [0.52784224 0.1174628  0.32199037 0.03270458]
 [0.15680936 0.48849569 0.11787719 0.23681777]]"
27,The imaginative bee stopped at the pristine flower. It was collecting essential pollen.,0.887340617097174,0.8873406170972485,-4.494574595826241,3.7391323218738295,1.5704466683379632,"[[0.29285107 0.03153279 0.60763259 0.06798355]
 [0.11494622 0.20943764 0.2568801  0.41873604]
 [0.01011365 0.00302939 0.89037001 0.09648695]
 [0.00418285 0.0089602  0.36764347 0.61921349]]"
28,The serrated knife scraped the construction fence surrounding the park. It was a rotten and weakened.,0.7439542723194477,0.7439542723207574,-6.168118654196208,5.497986532190206,1.583065142074449,"[[0.07963148 0.76698988 0.0230356  0.13034304]
 [0.11103964 0.73558172 0.03116273 0.12221591]
 [0.05745478 0.71528995 0.04521231 0.18204297]
 [0.13130442 0.64144031 0.01089795 0.21635733]]"
29,The unwavering people led a protest against the government. They were embezzling public funds.,0.4860434636966273,0.486043463694692,-3.912943252762667,2.2011034810232077,1.5739983179284054,"[[0.08800866 0.38298938 0.05308865 0.47591331]
 [0.21250986 0.25848818 0.19425577 0.33474619]
 [0.10391962 0.52322116 0.0371777  0.33568153]
 [0.23344553 0.39369524 0.1733201  0.19953913]]"
30,The sailors jumped off the navy boats. They were ignoring the warnings.,0.7804129386180407,0.7804129386187586,-4.1173729349672366,3.1216517544750353,1.582487563268865,"[[0.22923056 0.11542029 0.4369908  0.21835835]
 [0.04534157 0.29930928 0.08645595 0.5688932 ]
 [0.60746608 0.30474438 0.05875528 0.02903426]
 [0.1200963  0.79211416 0.01170122 0.07608832]]"
31,The clever bee crawled on the flower. It was producing honey.,0.47368675784123115,0.4736867577172369,-3.4481029134849033,1.8947470313993,1.6471153647040926,"[[0.24746953 0.12786506 0.29644765 0.32821776]
 [0.2993571  0.07597749 0.54966425 0.07500115]
 [0.34189339 0.31857993 0.20202379 0.13750289]
 [0.52604571 0.13442761 0.32297565 0.01655103]]"
32,The active bee hovered above the flowering flower. It was an untouched paradise.,0.8699527989575913,0.8699527989858086,-5.420845265261693,4.814056439293465,1.5808891691045857,"[[0.07177011 0.4096394  0.07607809 0.4425124 ]
 [0.03899129 0.44241823 0.04359629 0.4749942 ]
 [0.14140452 0.81113586 0.00644368 0.04101594]
 [0.07819947 0.87434091 0.00438811 0.04307152]]"
33,The graceful birds foraged for the scattered seeds. They were a juicy delight.,0.5133717960450823,0.5133717960618049,-4.8997955026423305,3.103122915570655,1.581834822054181,"[[0.1086605  0.37719831 0.11478938 0.39935182]
 [0.02605418 0.45980462 0.02770511 0.48643609]
 [0.12667486 0.44045622 0.09677501 0.33609391]
 [0.03046792 0.53666316 0.02329136 0.40957755]]"
34,The bee hovered over the flower. It was full of pollen.,0.9632122052567857,0.9632122053406433,-5.769563272307082,5.311995919899733,1.5829355718181448,"[[1.23002395e-03 4.31248170e-04 7.77782448e-01 2.20556279e-01]
 [1.62884419e-03 3.24279345e-05 9.63244633e-01 3.50940946e-02]
 [3.21910403e-01 9.23152945e-02 4.57102069e-01 1.28672233e-01]
 [3.99978123e-01 1.42475750e-02 5.64895355e-01 2.08789476e-02]]"
35,The durable knife scratched the swimming fence with care. It was sharp and powerful.,0.7438624853758131,0.7438624854280682,-5.76887914864074,4.730676443596753,1.5762073241128924,"[[0.00997968 0.715392   0.00241967 0.27220866]
 [0.20326782 0.52210385 0.08329722 0.1913311 ]
 [0.00756505 0.74869678 0.00483429 0.23890388]
 [0.22349086 0.53277097 0.06307419 0.18066398]]"
36,The storm obstructed the flight. It was carrying important documents.,0.711902493891979,0.7119024939271875,-4.022338021700011,2.8476099757087496,1.583763082863141,"[[0.0982016  0.73339862 0.02149612 0.14690366]
 [0.60692274 0.22467748 0.12507733 0.04332245]
 [0.05449746 0.40783243 0.06520027 0.47246985]
 [0.33742935 0.12490054 0.39457072 0.14309939]]"
37,The knife punctured the weak fence effortlessly. It was a precise tool.,0.3125843905826391,0.31258439057844534,-2.8617103915789985,1.8044657768203807,1.6882701026681628,"[[0.03811761 0.14797992 0.40379819 0.41010428]
 [0.13985091 0.04624662 0.35883101 0.45507146]
 [0.21694247 0.08644127 0.22497332 0.47164294]
 [0.21907873 0.08430501 0.27960319 0.41701307]]"
38,The durable knife sliced through the fence smoothly. It was enclosing the prison yard.,0.6370064300368887,0.6370064300562159,-3.062666159656444,2.1466626747526325,1.5821508387522645,"[[9.20238056e-01 7.97532690e-02 7.62664693e-06 1.04854645e-06]
 [4.63322908e-01 5.36668417e-01 2.74783711e-06 5.92735628e-06]
 [5.62752716e-01 4.89009135e-02 3.57492966e-01 3.08534041e-02]
 [2.83230577e-01 3.28423053e-01 1.80095079e-01 2.08251291e-01]]"
39,The people took to the streets against the government. They were risking their safety.,0.3120947608018918,0.31209476082494925,-1.1732247028037812,1.292030349672252,1.869705669600959,"[[0.59428418 0.02558306 0.06726221 0.31287055]
 [0.31703708 0.30283016 0.02150173 0.35863103]
 [0.53525976 0.1153738  0.12628663 0.22307981]
 [0.13546598 0.51516759 0.20307283 0.14629361]]"
40,The adventurous students studied the books. They were struggling to stay awake.,0.40366624294364306,0.4036662429742294,-2.3159597422888,1.614664971897017,1.6367909572868977,"[[0.04716704 0.15313056 0.03131283 0.76838957]
 [0.02059539 0.17970221 0.18351841 0.61618399]
 [0.07477181 0.40737431 0.00370807 0.51414582]
 [0.03908046 0.44306566 0.16503335 0.35282054]]"
41,The skilled sailors slid off the unprotected boats. They were suffering structural damage.,0.7129817552207622,0.712981755044571,-4.878645467337976,3.6457285806378312,1.588355236429718,"[[0.19713187 0.08089904 0.55288786 0.16908123]
 [0.12365482 0.15437609 0.35282648 0.36914261]
 [0.03160214 0.00543583 0.71841759 0.24454444]
 [0.01610897 0.020929   0.46037233 0.5025897 ]]"
42,The birds feasted on the crisp seeds. They were savory.,0.7419714453005076,0.7419714452838377,-3.7771961790780475,2.967885781137105,1.5819614219014082,"[[6.33148423e-04 3.49130083e-03 1.54827790e-01 8.41047761e-01]
 [3.06519140e-03 1.05925785e-03 7.43030703e-01 2.52844848e-01]
 [6.98304047e-02 3.79833276e-01 8.56305332e-02 4.64705786e-01]
 [3.35398657e-01 1.14265023e-01 4.10697237e-01 1.39639082e-01]]"
43,The students created projects based on the humorous books. They were outdated.,0.5040037150081015,0.5040037162665885,-2.932992098978545,1.994347921971922,1.5900971454861859,"[[0.04102143 0.26329964 0.09059541 0.60508353]
 [0.16728749 0.13703357 0.35175358 0.34392535]
 [0.00127953 0.01917457 0.13033731 0.8492086 ]
 [0.00831159 0.0121425  0.51072948 0.46881642]]"
44,The storm battered the scheduled flight. It was putting lives in peril.,0.453128764058908,0.45312876399853563,-2.8758914507494397,1.877081071546644,1.6752987423450225,"[[0.02699387 0.5163071  0.19814747 0.25855155]
 [0.32614211 0.21715887 0.3682695  0.08842952]
 [0.07453775 0.1667451  0.15060359 0.60811356]
 [0.20881695 0.0324659  0.48559466 0.2731225 ]]"
45,The birds chewed on the tempting seeds. They were bursting with flavor.,0.9269898952627682,0.9269898952711941,-4.972398443200859,4.399202961619733,1.5819830855975665,"[[0.03273141 0.00988175 0.73548599 0.22190086]
 [0.0413196  0.00129355 0.92828345 0.0291034 ]
 [0.45739047 0.13801608 0.31082693 0.09376652]
 [0.57731206 0.0180945  0.39229099 0.01230246]]"
46,The winning sniper targeted the brutal terrorist. He was a top assassin.,0.11125360484176927,0.11125360494574055,-1.4768739199220835,0.4450144197911647,1.671455938576072,"[[0.07615583 0.09544707 0.15625014 0.67214697]
 [0.00426046 0.16734243 0.14524403 0.68315308]
 [0.09332205 0.16743605 0.13908392 0.60015798]
 [0.06998178 0.19077632 0.07952271 0.65971919]]"
47,The passionate people staged a boycott against the government. They were promoting human rights.,0.45343240462930823,0.4534324047776136,-5.056031504544128,3.332588252108059,1.6076198364657075,"[[0.3885873  0.05772981 0.51116222 0.04252067]
 [0.39530048 0.05101663 0.44939931 0.10428358]
 [0.40715898 0.05782616 0.49259054 0.04242433]
 [0.39514967 0.06983547 0.44955013 0.08546474]]"
48,The heart moved brain-enhancing blood with resilience. It was a powerful muscle.,0.42382415264638096,0.4238241526475459,-3.3411449750735547,2.812683715622794,1.7368278463376396,"[[0.04272102 0.57441341 0.29506664 0.08779893]
 [0.12463437 0.49250006 0.10533974 0.27752583]
 [0.19656639 0.45723187 0.14122127 0.20498047]
 [0.00904819 0.64475007 0.22092592 0.12527582]]"
49,The knife scraped the fence with power. It was a powerful tool.,0.7560711510088225,0.7560711510337188,-6.023081031491612,5.4384865961379045,1.6824468595609483,"[[0.05650316 0.82676325 0.07069209 0.0460415 ]
 [0.16834886 0.71491755 0.00562651 0.11110709]
 [0.09673936 0.6807865  0.0304559  0.19201824]
 [0.07527772 0.70224814 0.09869765 0.12377649]]"
50,The bee collected nectar from the awe-inspiring flower. It was searching for pollen.,0.341614287327215,0.3416142873317889,-1.4734447664545371,1.0121029575020652,1.600357170185298,"[[0.00932581 0.06238526 0.01848369 0.90980524]
 [0.04119926 0.03051181 0.23963597 0.68865295]
 [0.01019502 0.22663958 0.01761448 0.74555093]
 [0.07653497 0.16029962 0.20430027 0.55886514]]"
51,The determined bee rested on the pristine flower. It was in full bloom.,0.9023374387180245,0.9023374387324894,-5.356321560253261,4.655855505586773,1.5824728235413636,"[[0.03418651 0.47186805 0.03330716 0.46063828]
 [0.12441226 0.3816423  0.12001586 0.37392958]
 [0.06559795 0.90423315 0.00189572 0.02827318]
 [0.23706909 0.73276202 0.00735903 0.02280986]]"
52,The unpredictable storm affected the international flight. It was putting lives in peril.,0.6957456464709746,0.6957456464527798,-3.649157997485977,2.7829825858899877,1.5689571175129686,"[[0.15726539 0.72400299 0.02825734 0.09047428]
 [0.63046375 0.25080463 0.10128991 0.01744171]
 [0.0901416  0.61430467 0.09538113 0.2001726 ]
 [0.48956961 0.21487665 0.24218404 0.05336969]]"
53,The sniper targeted the ruthless terrorist. He was a barbaric drug lord.,0.25772176751200293,0.25772176748136966,-2.0861674248373374,0.9473546405873476,1.6119239055780339,"[[0.02277389 0.29833686 0.20259912 0.47629012]
 [0.07041267 0.25069809 0.24625612 0.43263312]
 [0.05767013 0.02660197 0.16770289 0.74802501]
 [0.01092879 0.07334331 0.30574    0.6099879 ]]"
54,The active bee descended on the rich flower. It was a popular destination.,0.5930396856648043,0.5930396859256787,-4.790029738687456,3.139712648621436,1.587932037144808,"[[0.18929045 0.42843343 0.12627989 0.25599623]
 [0.01555889 0.60216498 0.0091253  0.37315082]
 [0.16053574 0.34692308 0.1550346  0.33750658]
 [0.01067374 0.49678508 0.01401045 0.47853073]]"
55,The sailors tumbled off the safe boats. They were causing accidents.,0.46309223528262566,0.46309223528306254,-3.3021927216218,1.8523689411405058,1.6699433795547565,"[[0.02294004 0.28630305 0.26113275 0.42962416]
 [0.12684433 0.18239876 0.21247253 0.47828438]
 [0.18241911 0.56474592 0.10165368 0.15118129]
 [0.31517894 0.43198609 0.02413792 0.22869706]]"
56,The sniper executed the brutal terrorist. He was a bad human rights violator.,0.5218653454238975,0.5218653457705029,-4.565396767869163,3.1949869471184265,1.6315579466617527,"[[0.09231231 0.32808752 0.05120613 0.52839404]
 [0.0157386  0.40466124 0.10380854 0.47579163]
 [0.12195651 0.51945597 0.02156192 0.33702559]
 [0.05817928 0.58323321 0.06136786 0.29721966]]"
57,The brave students delved into the books. They were filled with knowledge.,0.8571279997825119,0.8571279997900072,-6.481019769161382,5.909192567119067,1.5829834128790208,"[[0.03838404 0.79268616 0.00765823 0.16127157]
 [0.17646544 0.65460475 0.03443461 0.13449519]
 [0.0423813  0.86078898 0.00366098 0.09316875]
 [0.18786945 0.71530082 0.0230306  0.07379913]]"
58,The storm caused trouble for the scheduled flight. It was full of passengers.,0.26922963830464175,0.2692296382062912,-2.273335065421782,1.5437567078670804,1.5814221302185854,"[[7.83232443e-01 2.16724491e-01 6.92631879e-06 3.61397068e-05]
 [8.38905824e-01 1.61051110e-01 8.34327345e-06 3.47227522e-05]
 [4.79628420e-01 1.34389337e-01 3.03610949e-01 8.23712939e-02]
 [5.13966665e-01 1.00051092e-01 3.24947502e-01 6.10347412e-02]]"
59,The police identified the criminals in court. They were highly unpredictable and dangerous.,0.3605518048844407,0.360551804733688,-2.8241105999661444,1.6943511738279422,1.5817448820291915,"[[0.06303599 0.06704335 0.42093083 0.44898983]
 [0.00777899 0.12230035 0.05260003 0.81732063]
 [0.18590891 0.19883089 0.29805791 0.3172023 ]
 [0.02311243 0.36162736 0.03726659 0.57799361]]"
60,The skilled bee approached the symmetrical flower. It was seeking the sweetest nectar.,0.5478632416954109,0.5478632429472758,-2.8939064428055374,2.1177723819397674,1.5816102508712206,"[[0.88530203 0.02040502 0.09210793 0.00218502]
 [0.67866877 0.22703828 0.07085926 0.02343369]
 [0.438023   0.00994387 0.53938696 0.01264617]
 [0.33525376 0.1127131  0.41427427 0.13775886]]"
61,The powerful knife sliced through the parking fence separating the yards. It was a transparent and thin.,0.32804017460053414,0.328040175046578,-2.9043886277059956,1.6487462593142101,1.5743541520675435,"[[0.03740008 0.23066905 0.0970045  0.63492637]
 [0.14144631 0.12662283 0.40514484 0.32678603]
 [0.02526699 0.19328398 0.10913759 0.67231144]
 [0.11555026 0.10300071 0.43104089 0.35040814]]"
62,The turbulent storm prevented the flight. It was flying to Hawaii.,0.9603803027495474,0.9603803027511516,-5.08375505261616,4.15329654237544,1.5804426849711963,"[[2.15292256e-02 1.54047996e-02 5.45953305e-01 4.17112670e-01]
 [3.69003727e-02 3.36524968e-05 9.60413955e-01 2.65201952e-03]
 [2.79954916e-01 2.09583781e-01 2.87527614e-01 2.22933688e-01]
 [4.88388299e-01 1.15039885e-03 5.08926029e-01 1.53527317e-03]]"
63,The familia birds ate the tasty seeds. They were a new experience.,0.8832863964795213,0.8832863964800741,-6.21782247600764,5.69993509233205,1.5734852046357997,"[[0.19936136 0.58814315 0.04644577 0.16604971]
 [0.02283116 0.76467335 0.00884713 0.20364836]
 [0.22236578 0.6925989  0.02344135 0.06159396]
 [0.03027924 0.88468545 0.00139905 0.08363626]]"
64,The sniper assassinated the notorious terrorist. He was a precise assassin.,0.3636499133180058,0.36364991260004165,-3.1814502398248,1.5817566867126687,1.5641940292184744,"[[0.14842408 0.18397006 0.15218081 0.51542505]
 [0.28097998 0.05141416 0.41506408 0.25254178]
 [0.08203718 0.27910534 0.2185677  0.42028977]
 [0.28114793 0.07999459 0.41489612 0.22396136]]"
65,The birds nibbled on the seeds. They were bursting with flavor.,0.9678687517317077,0.9678687518023591,-5.841372204884006,5.404852475033942,1.5819529968127277,"[[1.25203358e-03 3.75771699e-04 7.67245854e-01 2.31126341e-01]
 [1.57775593e-03 5.00493454e-05 9.67918801e-01 3.04533936e-02]
 [2.95983875e-01 8.91696456e-02 4.72514013e-01 1.42332467e-01]
 [3.73408380e-01 1.17451403e-02 5.96088177e-01 1.87583026e-02]]"
66,The dangerous storm postponed the flight. It was carrying essential supplies.,0.5872274762614992,0.5872274762740224,-3.61678595400732,2.4506722525476676,1.5788036941942247,"[[0.01831615 0.16261178 0.10419194 0.71488013]
 [0.12716882 0.05375912 0.60800734 0.21106473]
 [0.07333926 0.51694223 0.04916883 0.36054968]
 [0.43479415 0.15548735 0.300382   0.1093365 ]]"
67,The impulsive sailors jumped from the boats. They were tipping over.,0.6198037206685771,0.6198037205955552,-4.763015038576015,3.3678868262541286,1.5807956174116011,"[[0.01032241 0.04878069 0.40891402 0.53198288]
 [0.01851338 0.04058973 0.66039345 0.28050345]
 [0.10853751 0.08853093 0.31069892 0.49223264]
 [0.16649371 0.03057474 0.51241312 0.29051844]]"
68,The eager bee descended on the symmetrical flower. It was seeking nectar.,0.6394507332563365,0.6394507332086192,-3.063327672305345,2.557802933452355,1.6656332087185255,"[[0.01178619 0.07094254 0.71039327 0.206878  ]
 [0.0342008  0.04852792 0.37145079 0.54582049]
 [0.27203589 0.18559681 0.45014357 0.09222373]
 [0.05657207 0.40106063 0.34907952 0.19328778]]"
69,The innovative people marched in solidarity against the unjust government. They were taking bribes.,0.46273212157309196,0.46273212157332344,-2.266655733583331,1.4872068819918902,1.5728167436529712,"[[0.87865627 0.04710261 0.06819562 0.0060455 ]
 [0.6656669  0.26009199 0.05695994 0.01728118]
 [0.54330404 0.03174613 0.40354785 0.02140198]
 [0.40987865 0.16517152 0.31274818 0.11220165]]"
70,The sailors jumped off the boats. They were avoiding capsizing.,0.5971571106178197,0.5971571109158746,-3.494065476444753,2.2802889242950135,1.5819340699388205,"[[0.00951703 0.15905518 0.04700897 0.78441882]
 [0.10560236 0.06296984 0.52099587 0.31043193]
 [0.02961412 0.49434576 0.02691188 0.44912824]
 [0.32830279 0.19565708 0.29829544 0.17774469]]"
71,The people staged a walkout against the government. They were engaging in nepotism.,0.503075591816875,0.5030755920326441,-3.1073723376206717,2.0123023683672034,1.5903863672126497,"[[1.98640366e-01 2.24103133e-01 3.09388209e-01 2.67868291e-01]
 [3.11213033e-02 3.91622197e-01 7.19861312e-02 5.05270369e-01]
 [4.37000112e-05 4.90928339e-03 5.07984875e-01 4.87062141e-01]
 [1.76828874e-03 3.18469466e-03 1.01339146e-01 8.93707871e-01]]"
72,The activist people occupied the city center against the unrepresentative government. They were spreading false information.,0.06938647155203803,0.06938646931884807,-1.9247252753228565,0.34133149987231787,1.5843168429416203,"[[0.51494494 0.16959536 0.23898183 0.07647787]
 [0.50324042 0.18129988 0.22957162 0.08588808]
 [0.53890822 0.17795743 0.21501856 0.0681158 ]
 [0.52433124 0.1925344  0.2084808  0.07465355]]"
73,The knife punctured the fence surrounding the park. It was stuck for a moment.,0.8236937932695018,0.8236937932698274,-4.187209899559229,3.2947751730793113,1.5660586340431824,"[[5.96414948e-02 4.56211270e-02 3.02807715e-01 5.91929663e-01]
 [1.04497822e-01 7.64799880e-04 8.24458593e-01 7.02787851e-02]
 [2.18931816e-01 3.38748868e-01 1.43517394e-01 2.98801922e-01]
 [5.22945724e-01 3.47349605e-02 4.06010691e-01 3.63086245e-02]]"
74,The ambitious students read the books. They were divisive.,0.8327562381385782,0.8327562382188044,-4.61925722769611,3.8664615407910206,1.5875722048726695,"[[0.08625541 0.74163091 0.01090329 0.16121038]
 [0.58390304 0.24398329 0.11012414 0.06198953]
 [0.08674404 0.84317091 0.01041467 0.05967039]
 [0.64365853 0.28625641 0.05036865 0.01971641]]"
75,The curious bee buzzed around the abundant flower. It was collecting valuable pollen.,0.3901379637068403,0.39013796370716924,-3.9826784478977606,2.5319380278293075,1.5606341702236146,"[[0.0917273  0.10235171 0.38425532 0.42166567]
 [0.07107908 0.12299992 0.51313789 0.29278311]
 [0.06661655 0.16651952 0.40936607 0.35749785]
 [0.13406982 0.09906626 0.45014715 0.31671677]]"
76,The brave bee stopped at the abundant flower. It was searching for pollen.,0.7474246269733087,0.7474246270228362,-5.144841833280601,4.04018293309009,1.5921219396618198,"[[0.04581656 0.76045177 0.01302714 0.18070453]
 [0.19916188 0.60710645 0.03729337 0.1564383 ]
 [0.0225776  0.47649875 0.0362661  0.46465755]
 [0.12627928 0.37279707 0.11017596 0.39074769]]"
77,The hardworking students learned from the humorous books. They were enhancing their understanding.,0.6608465541911598,0.6608465568037588,-4.863172570929012,4.7118409161143,1.674053449550723,"[[0.10990219 0.67142975 0.15431607 0.06435199]
 [0.06859969 0.71273224 0.05672858 0.16193949]
 [0.24664775 0.53952708 0.01757051 0.19625466]
 [0.01263899 0.77353584 0.11268928 0.10113589]]"
78,The sailors sprang from the unprotected boats. They were avoiding capsizing.,0.895292822749699,0.895292822759691,-4.527415490888412,3.581171291038765,1.5839957577513846,"[[0.02880762 0.46263366 0.02776152 0.4807972 ]
 [0.30995166 0.18148962 0.31655129 0.19200743]
 [0.05400019 0.89786178 0.00256896 0.04556908]
 [0.59662408 0.35523788 0.02987886 0.01825917]]"
79,The police arrested the criminals after a tip-off. They were trying to sell drugs.,0.660323969470324,0.6603239701764327,-3.771450650289407,3.376330177654148,1.8273099243402602,"[[0.60446619 0.21727729 0.03351872 0.1447378 ]
 [0.15668343 0.66506005 0.03573183 0.14252469]
 [0.49637313 0.3563661  0.14161178 0.00564899]
 [0.09534424 0.75739499 0.09707102 0.05018975]]"
80,The plucky birds chewed on the soft seeds. They were satisfying their hunger.,0.7440671178716736,0.7440671267300462,-3.8876768568359927,2.9762685069224792,1.572670051031009,"[[0.0133732  0.21633813 0.02602717 0.74426151]
 [0.04997356 0.17973777 0.1854042  0.58488448]
 [0.03480497 0.74866253 0.0045954  0.2119371 ]
 [0.17529201 0.60817548 0.06008574 0.15644676]]"
81,The birds flitted to the slow seeds. They were flying to new destinations.,0.8624982270514508,0.8624982269638399,-5.813554795258793,5.100737887138434,1.578785682920807,"[[0.06063752 0.64410017 0.02097466 0.27428765]
 [0.20653558 0.49820211 0.08551586 0.20974645]
 [0.07697974 0.86713067 0.00463244 0.05125715]
 [0.27284514 0.67126527 0.0192063  0.03668329]]"
82,The hard-working students analyzed the useful books. They were discovering new information.,0.6658065062399399,0.6658065066914305,-2.8923300415104327,2.6632260270111496,1.8222695648947667,"[[0.44557272 0.08644206 0.1209154  0.34706982]
 [0.18573839 0.34627639 0.0385136  0.42947162]
 [0.54529764 0.34476085 0.02119048 0.08875103]
 [0.13538186 0.75467664 0.08887013 0.02107137]]"
83,The dangerous storm posed a threat to the flight. It was creating dangerous conditions.,0.7660131595610481,0.7660131598344508,-4.08770640260204,3.064052639337804,1.603206204300042,"[[0.20384833 0.34020135 0.15685144 0.29909888]
 [0.49265426 0.05139542 0.35024602 0.1057043 ]
 [0.01263494 0.06425217 0.34806483 0.57504806]
 [0.06030152 0.0165856  0.78259876 0.14051413]]"
84,The precise sniper assassinated the dangerous terrorist. He was a vicious criminal.,0.7079147775675889,0.707914777540432,-4.054433709612509,3.0610939157552552,1.5740735207809378,"[[0.01983846 0.18221022 0.06187897 0.73607235]
 [0.02485138 0.17719731 0.11983861 0.6781127 ]
 [0.06807273 0.72155948 0.0136447  0.19672309]
 [0.1095715  0.68006071 0.03511849 0.17524931]]"
85,The people held hands against the government. They were colluding with corporations.,0.3779030803537844,0.3779030804213074,-2.849956084677567,1.5116123216905637,1.5796410243408228,"[[0.5319607  0.40965756 0.03175448 0.02662726]
 [0.70489747 0.23672079 0.04364974 0.014732  ]
 [0.36606392 0.28433119 0.19765126 0.15195363]
 [0.48478527 0.16560983 0.26376193 0.08584296]]"
86,The resourceful sniper neutralized the terrorist. He was a talented sharpshooter.,0.8460897240998562,0.8460897241036606,-4.526376184556806,3.5276706144379912,1.572837737322145,"[[0.0239414  0.36793009 0.00344779 0.60468072]
 [0.14868334 0.24318815 0.20736022 0.40076828]
 [0.01923599 0.85424293 0.0081532  0.11836788]
 [0.33522095 0.53825797 0.02082262 0.10569846]]"
87,The agile bee flew to the pretty flower. It was a valuable resource.,0.6064903550380538,0.6064903552099483,-5.627717697338198,4.387617955148054,1.566926972893802,"[[0.10132283 0.62370535 0.02974955 0.24522228]
 [0.07516291 0.64986526 0.04337491 0.23159692]
 [0.09174966 0.52973685 0.03932272 0.33919078]
 [0.06885485 0.55263166 0.04968297 0.32883052]]"
88,The sniper took out the terrorist. He was a notorious assassin.,0.7925000919346198,0.7925000929192816,-5.741467030958209,5.053136445189188,1.5511573310862725,"[[0.14376303 0.79197429 0.00112798 0.0631347 ]
 [0.12488903 0.81084828 0.01834819 0.04591449]
 [0.08883148 0.52684355 0.05605953 0.32826545]
 [0.10477257 0.51090246 0.03846465 0.34586032]]"
89,The storm battered the international flight. It was making road conditions hazardous.,0.3450471127080882,0.34504711410753885,-2.2737904768381694,1.4383278984871861,1.7760882403861684,"[[0.46518287 0.23197551 0.24651037 0.05633126]
 [0.08503522 0.61212316 0.26707604 0.03576558]
 [0.25996287 0.18715845 0.45173036 0.10114832]
 [0.1924637  0.25465762 0.15964756 0.39323112]]"
90,The smart sailors threw themselves off the boats. They were not safe.,0.7349516447075072,0.7349516454627636,-5.407855436997616,4.526267918789636,1.555777198799362,"[[0.11810681 0.00194561 0.73689725 0.14305033]
 [0.0871394  0.03291302 0.69854381 0.18140377]
 [0.34281029 0.04625759 0.51219378 0.09873834]
 [0.26369659 0.12537129 0.52198663 0.08894549]]"
91,The chirpy birds ate the ripe seeds. They were a satisfying food.,0.4440636847962407,0.44406368499933524,-2.4194043628295567,1.8289319700994575,1.5717692513652446,"[[0.01321586 0.0516347  0.13300823 0.80214122]
 [0.0028349  0.06201566 0.07518496 0.85996448]
 [0.08301909 0.43906446 0.063205   0.41471145]
 [0.0356133  0.48647025 0.04240656 0.43550989]]"
92,The chirpy birds plucked the crisp seeds. They were flavorsome.,0.4531938203905562,0.45319382080977133,-3.513958107744113,1.8127752839034261,1.581680142254716,"[[0.12594967 0.16952687 0.29618233 0.40834113]
 [0.2226179  0.07285864 0.52605246 0.178471  ]
 [0.22916284 0.30970956 0.19296915 0.26815844]
 [0.40321409 0.13565831 0.34545628 0.11567132]]"
93,The precise sniper targeted the terrorist. He was a dangerous killer.,0.5563489974313255,0.5563489975222194,-3.150466565540267,2.26333628722416,1.5604548058131231,"[[0.02222217 0.14193012 0.05476596 0.78108176]
 [0.01592929 0.148223   0.13873792 0.69710979]
 [0.04296679 0.59037033 0.03402133 0.33264154]
 [0.10185226 0.53148486 0.05281495 0.31384792]]"
94,The peaceful people blockaded the government building against the out-of-touch government. They were making a point.,0.9145395559209345,0.914539555952819,-4.857489194770547,3.8960088756027633,1.582121248894837,"[[5.26861692e-01 4.63064978e-01 5.38516638e-03 4.68816310e-03]
 [7.46302947e-02 9.15296376e-01 7.56819821e-04 9.31650966e-03]
 [3.15009541e-01 2.76699981e-01 2.17237318e-01 1.91053160e-01]
 [4.46885728e-02 5.47020949e-01 3.06985418e-02 3.77591937e-01]]"
95,The hardworking students immersed themselves in the books. They were visually stunning.,0.7155827818873806,0.7155827870032174,-3.85387166937421,2.862331148197334,1.5810554029116106,"[[0.16640677 0.01802312 0.73360591 0.0819642 ]
 [0.13780579 0.0466241  0.61140939 0.20416072]
 [0.72797652 0.08039409 0.17203616 0.01959323]
 [0.60529416 0.20307645 0.14392102 0.04770837]]"
96,The birds munched on the exotic seeds. They were looking for a meal.,0.8569416236452558,0.8569416236465689,-5.138060200332143,4.283845459971461,1.5813059693432008,"[[0.01995558 0.85849525 0.00155362 0.11999555]
 [0.43307155 0.44537928 0.05854665 0.06300252]
 [0.0138078  0.69183014 0.0077014  0.28666065]
 [0.340009   0.36562894 0.1516092  0.14275285]]"
97,The resilient people took action against the corrupt government. They were committing war crimes.,0.6283687326021937,0.6283687326039926,-3.7954783620859396,2.513474930455261,1.589799990213299,"[[0.60102235 0.14045123 0.21300267 0.04552376]
 [0.40493125 0.33654232 0.13438928 0.12413714]
 [0.14661911 0.03903717 0.66740591 0.14693781]
 [0.10095876 0.08469753 0.43836177 0.37598194]]"
98,The sudden storm forced the commercial flight. It was carrying cargo.,0.6930346129931614,0.6930346129860439,-3.7868476823367425,2.772138451983818,1.5765924362126869,"[[0.02077501 0.08435706 0.15711018 0.73775775]
 [0.08568499 0.01944708 0.71248169 0.18238623]
 [0.05061335 0.24877727 0.12727184 0.57333754]
 [0.23571128 0.06367934 0.56245541 0.13815397]]"
99,The adventurous students read over the adventurous books. They were improving their problem-solving skills.,0.3786857984863561,0.3786857984651134,-3.3900582348705677,2.0816343214163187,1.6354028966512226,"[[0.37663738 0.13786708 0.43430793 0.05118761]
 [0.13178331 0.38272115 0.15875342 0.32674212]
 [0.51841293 0.15080959 0.29253237 0.0382451 ]
 [0.14213941 0.52708311 0.14839732 0.18238016]]"
100,The bee hovered above the flower. It was gathering nectar.,0.8889696472794992,0.8889696472826267,-5.5879111576433385,5.2150201982307065,1.6035297666365307,"[[0.32521938 0.04530894 0.46009434 0.16937734]
 [0.33435384 0.03617448 0.61879246 0.01067922]
 [0.04886412 0.01531253 0.7364496  0.19937375]
 [0.05254711 0.01162954 0.90059919 0.03522416]]"
101,The storm posed a threat to the commercial flight. It was full of passengers.,0.8248076072561505,0.8248076071023229,-4.9847983433896434,4.163987559697786,1.5923553358187403,"[[0.38123297 0.14377514 0.35996442 0.11502747]
 [0.4526692  0.07233891 0.40129713 0.07369477]
 [0.02007936 0.00907936 0.72111803 0.24972326]
 [0.02691567 0.00224305 0.82705066 0.14379062]]"
102,The accurate sniper targeted the terrorist. He was a successful marksman.,0.5355193227040298,0.5355193226010319,-2.7547180544809917,1.8164150347214347,1.5553763008399337,"[[0.01645449 0.02459457 0.0759982  0.88295274]
 [0.02090421 0.02014485 0.39308315 0.56586779]
 [0.05701714 0.43813568 0.03543555 0.46941163]
 [0.2401191  0.25503372 0.17386825 0.33097893]]"
103,The serrated knife severed the swimming fence with minimal effort. It was sharp and precise.,0.1796116493158877,0.17961164904988292,-1.1246354957601108,0.8089148419748349,1.5758162725732714,"[[0.21102743 0.1705245  0.14666025 0.47178783]
 [0.17550486 0.20604707 0.02643542 0.59201265]
 [0.04126227 0.33904247 0.31642541 0.30326985]
 [0.15929202 0.22101272 0.04264826 0.577047  ]]"
104,The storm affected the scheduled flight. It was bringing high winds.,0.4551637047631263,0.455163704942527,-4.035676570160621,2.931742198350163,1.830530410977581,"[[0.36550998 0.02881774 0.42716271 0.17850957]
 [0.25155829 0.14276943 0.59793314 0.00773914]
 [0.4937922  0.02110865 0.29888049 0.18621866]
 [0.39652666 0.11837418 0.45296476 0.03213439]]"
105,The enthusiastic heart pumped blood with assurance. It was a well-functioning organ.,0.6411656399718707,0.6411656400346852,-5.856409603359838,4.595730264308957,1.5861311545372905,"[[0.10167981 0.62217713 0.04213663 0.23400643]
 [0.06196704 0.6618899  0.02072426 0.2554188 ]
 [0.09518317 0.5564002  0.04863327 0.29978336]
 [0.05325439 0.59832897 0.02943691 0.31897973]]"
