,Unnamed: 0,Sentence,CF,SF,CbD,DI,Violation,Distribution,Entropy
0,0,The knife scraped the school fence rapidly. It was enclosing the private property.,0.8623980632465674,0.8623980632589198,-4.413863116991795,3.7220711513595823,1.583045071178002,"[[0.52409685 0.16722291 0.23534263 0.07333761]
 [0.67311367 0.01820608 0.30030432 0.00837593]
 [0.08470561 0.02631432 0.67473387 0.2142462 ]
 [0.10771862 0.00330131 0.86569937 0.0232807 ]]",(0.151648276877+0j)
1,1,The resourceful sailors escaped off the boats. They were suffering structural damage.,0.5980422946131252,0.5980422947541364,-3.7384674804443168,2.6073502202021346,1.5819681940579282,"[[0.28570849 0.06611066 0.52637907 0.12180177]
 [0.33417915 0.01764    0.6156823  0.03249855]
 [0.61579712 0.14249519 0.19629045 0.04541725]
 [0.72027409 0.03801821 0.22958735 0.01212034]]",(0.181389044991-0j)
2,2,The storm caused a delay for the morning flight. It was producing tornadoes.,0.7103401472905448,0.710340147698638,-4.840188814405917,3.528574701888095,1.577103255743518,"[[0.23904355 0.00823966 0.71857981 0.03413698]
 [0.14532271 0.10196049 0.44677465 0.30594214]
 [0.40374132 0.01655253 0.55388204 0.02582412]
 [0.25529748 0.16499636 0.33679989 0.24290627]]",(0.902097845367-0j)
3,3,The lively birds chirped and ate the seeds. They were a sweet treat.,0.3539316641928061,0.3539316641930128,-2.296482018706142,1.4157266567716993,1.5556307142965244,"[[0.0646432  0.085235   0.26074081 0.589381  ]
 [0.00119567 0.14868253 0.03040988 0.81971192]
 [0.11189184 0.27364537 0.21349217 0.40097062]
 [0.00734788 0.37818934 0.02425767 0.59020511]]",(0.235679324761-0j)
4,4,The sniper took aim the ruthless terrorist. He was a barbaric bomb maker.,0.6913577144771464,0.6913577144780877,-3.9214062105725858,2.765430857912986,1.5813320031939089,"[[0.13619682 0.36330993 0.1360738  0.36441945]
 [0.35351672 0.14599003 0.35505373 0.14543952]
 [0.00481284 0.0123999  0.26745779 0.71532947]
 [0.01217034 0.0050424  0.69640012 0.28638714]]",(0.808891134362-0j)
5,5,The storm disrupted the commercial flight. It was causing flash floods.,0.7828910434024636,0.78289104341416,-4.3919703168640325,3.2084458300853327,1.5817776053561032,"[[0.12832038 0.08444105 0.47422861 0.31300996]
 [0.21179859 0.00096284 0.78385388 0.00338468]
 [0.35187138 0.2314572  0.25067762 0.1659938 ]
 [0.58079881 0.00252977 0.41485367 0.00181775]]",(0.498991176361-0j)
6,6,The bold sailors dove off the boats. They were not sturdy.,0.5156778314270176,0.5156778314260573,-3.669508836315437,2.0627113257115783,1.5818868056602766,"[[0.54995261 0.33429974 0.07238763 0.04336002]
 [0.32533065 0.55892169 0.04324386 0.07250379]
 [0.37211375 0.22468772 0.25022649 0.15297204]
 [0.21958357 0.3772179  0.14899095 0.25420759]]",(0.205989225341+0j)
7,7,The winning sniper killed the dangerous terrorist. He was a barbaric dictator.,0.4759773838366774,0.4759773839001923,-2.397817942048059,1.709651300113176,1.582326771967472,"[[0.00107124 0.01286639 0.08866565 0.89739672]
 [0.00333415 0.01060348 0.24626    0.73980237]
 [0.03852018 0.40283028 0.05121672 0.50743283]
 [0.11129271 0.33005775 0.13830145 0.42034809]]",(0.948897855638+0j)
8,8,The hardworking bee gathered pollen from the lovely flower. It was generating pollen.,0.6384443681162774,0.638444368117291,-3.534745452612812,2.553777472471278,1.596920109246697,"[[0.72536204 0.13979103 0.12009238 0.01475455]
 [0.1887241  0.67642897 0.03798461 0.09686232]
 [0.6050636  0.10414452 0.24039082 0.05040106]
 [0.167719   0.54148912 0.0589897  0.23180218]]",(0.052634001224+0j)
9,9,The sailors abandoned the ill-designed boats. They were navigating poorly.,0.8741861902721384,0.8741861902798901,-6.132416053481487,5.549488012987882,1.603036439288544,"[[0.22693584 0.66845777 0.0402959  0.06431049]
 [0.01991837 0.87547524 0.00128905 0.10331734]
 [0.20051402 0.57990353 0.06671771 0.15286473]
 [0.01599285 0.7644247  0.00521457 0.21436788]]",(0.126076355528+0j)
10,10,The hardworking bee gathered pollen from the intricate flower. It was a treasure.,0.7260924578538678,0.7260924596114763,-4.586626551424928,3.523780557114211,1.573565452633062,"[[0.04066741 0.7277808  0.00168834 0.22986346]
 [0.38964773 0.37880048 0.10944446 0.12210733]
 [0.02081672 0.63312815 0.02153903 0.3245161 ]
 [0.29017572 0.36376915 0.20891647 0.13713866]]",(0.391126500644-0j)
11,11,The brave students learned from the stimulating books. They were convincing.,0.8302329078418292,0.8302329078414786,-5.109901896735139,4.4899513859035896,1.5914391705073678,"[[0.05405906 0.0841832  0.37643814 0.48531961]
 [0.1307559  0.00748636 0.82349835 0.0382594 ]
 [0.05398959 0.07003175 0.37650761 0.49947106]
 [0.11665876 0.00736258 0.83759548 0.03838318]]",(0.015915913601-0j)
12,12,The sailors left the navy boats. They were facing the storm.,0.1827297485323672,0.1827297484111599,-1.6357895294465925,0.86058361189256,1.575523057524252,"[[0.58978731 0.20936974 0.14302561 0.05781735]
 [0.75583372 0.04332333 0.1921251  0.00871785]
 [0.63359225 0.23477093 0.09922066 0.03241615]
 [0.82288186 0.04548132 0.12507696 0.00655986]]",(0.000517596278-0j)
13,13,The serrated knife scraped the old fence surrounding the garden. It was a separating the yards.,0.3185878758028542,0.3185878758081395,-2.386549354065406,1.3362895337945633,1.5553560786315268,"[[0.08556649 0.08900102 0.30420935 0.52122314]
 [0.00761974 0.16694777 0.04808371 0.77734877]
 [0.13627255 0.23801878 0.25350329 0.37220538]
 [0.01079234 0.363499   0.04491112 0.58079755]]",(0.943573362416-0j)
14,14,The activist people held a vigil against the government. They were demanding a voice.,0.3408103302786907,0.3408103313908011,-3.350025602665693,1.7284340210346605,1.596378997681614,"[[0.38216398 0.35666429 0.13590905 0.12526268]
 [0.49657498 0.24225329 0.15095512 0.11021662]
 [0.14099496 0.1657248  0.37707806 0.31620217]
 [0.20360672 0.10311304 0.44392337 0.24935687]]",(0.39411415017-0j)
15,15,The diligent birds pecked at the mouth-watering seeds. They were a filling food.,0.2534591202939436,0.2534591202893025,-1.7564652613189344,1.0138364811809009,1.5709998662068871,"[[0.0217795  0.05238416 0.22484235 0.70099399]
 [0.00090754 0.07325612 0.05938167 0.86645467]
 [0.09248214 0.22126618 0.1541397  0.53211197]
 [0.01859078 0.29515755 0.04169843 0.64455325]]",(0.044039658176+0j)
16,16,The police chased the criminals for hours. They were notorious and dangerous.,0.4288316883415916,0.428831688537724,-2.445972144668383,1.7335785043724377,1.5730451829174197,"[[0.06140634 0.47256331 0.04373162 0.42229873]
 [0.05591847 0.47805118 0.05912853 0.40690182]
 [0.01204934 0.08852568 0.09308861 0.80633637]
 [0.01007736 0.09049766 0.10496964 0.79445534]]",(0.035179739196+0j)
17,17,The sniper took out the terrorist. He was a ruthless assassin.,0.35708128593546,0.3570812859401051,-3.8853192451544234,2.144753588898223,1.5868050908810685,"[[0.20253562 0.38674556 0.14593136 0.26478746]
 [0.52186314 0.06741804 0.36279224 0.04792659]
 [0.18752868 0.34004541 0.16093829 0.31148761]
 [0.47023184 0.05734225 0.41442353 0.05800238]]",(0.991768507264+0j)
18,18,The monstrous storm destroyed the flight. It was bringing high winds.,0.9643815901397402,0.9643815900263096,-5.946600500378095,5.531684917683563,1.5811047850411666,"[[1.55650310e-03 3.67902568e-04 7.76199811e-01 2.21875783e-01]
 [1.83108053e-03 9.33251328e-05 9.64474915e-01 3.36006792e-02]
 [2.78808888e-01 8.04077864e-02 4.98947426e-01 1.41835900e-01]
 [3.47380602e-01 1.18360730e-02 6.18925394e-01 2.18579313e-02]]",(0.811016112703+0j)
19,19,The treacherous storm cancelled the flight. It was flying to Hawaii.,0.3991158236481237,0.3991158240928237,-1.9264909605421745,1.5964632965049717,1.717630274826745,"[[0.45002488 0.25351132 0.25615425 0.04030955]
 [0.06232796 0.64120824 0.25288393 0.04357987]
 [0.04733195 0.25973135 0.65884718 0.03408951]
 [0.04514708 0.26191623 0.27006481 0.42287188]]",(0.453642433567-0j)
20,20,The diligent birds tried the tall seeds. They were fearless.,0.930798379547236,0.9307983795494528,-5.28102395434241,4.409112383635729,1.6155036394088065,"[[2.31043471e-01 2.02261843e-01 3.73741559e-01 1.92953127e-01]
 [4.30633609e-01 2.67170429e-03 5.63046853e-01 3.64783333e-03]
 [2.80643962e-02 3.48176866e-02 5.76720634e-01 3.60397283e-01]
 [5.71707481e-02 5.71133477e-03 9.36509714e-01 6.08202851e-04]]",(0.149885885048+0j)
21,21,The imaginative bee buzzed around the sweet flower. It was abundant with pollen.,0.4909016984157941,0.4909016984179224,-2.8565830483631567,1.96360679367184,1.7005087076696968,"[[0.64006647 0.01982565 0.21730666 0.12280122]
 [0.4251944  0.23469772 0.20173986 0.13836802]
 [0.32178163 0.0446898  0.5355915  0.09793706]
 [0.32010308 0.04636836 0.30683119 0.32669737]]",(0.418386941826+0j)
22,22,The diligent birds chose the overlooked seeds. They were a quick snack.,0.4852557307362066,0.4852557307359971,-2.7049213451335055,2.1377407301494253,1.5674032138556355,"[[0.09024917 0.50473908 0.04218612 0.36282564]
 [0.0605181  0.53447014 0.04921441 0.35579734]
 [0.0115982  0.04895487 0.12083709 0.81860985]
 [0.00986393 0.05068913 0.09986858 0.83957836]]",(0.447008789199-0j)
23,23,The sniper assassinated the notorious terrorist. He was a precise marksman.,0.6680209782005324,0.6680209781978116,-3.7936122788803233,2.672083912811691,1.5753975463404133,"[[0.62185679 0.22391817 0.11046744 0.0437576 ]
 [0.14987334 0.69590161 0.02788063 0.12634441]
 [0.48617376 0.18415903 0.24615047 0.08351674]
 [0.11427854 0.55605425 0.06347543 0.26619177]]",(0.98488576084-0j)
24,24,The sharp knife scratched the fence effortlessly. It was weak and unstable.,0.6705403176268421,0.6705403176207747,-4.871767818616626,3.880423952432225,1.558973135503718,"[[0.15204331 0.05119284 0.60035106 0.19641279]
 [0.14832573 0.05491042 0.72545074 0.07131311]
 [0.29946824 0.15336046 0.45292613 0.09424517]
 [0.39637078 0.05645792 0.47740569 0.06976562]]",(0.977888943154+0j)
25,25,The storm devastated the commercial flight. It was putting lives in peril.,0.4213999211554317,0.4213999211565957,-3.708436275022138,1.9463562554131764,1.575335402692961,"[[0.10618703 0.48890175 0.06750183 0.33740938]
 [0.39121567 0.20387311 0.26906225 0.13584896]
 [0.09247934 0.45857052 0.08120952 0.36774062]
 [0.35780803 0.19324183 0.3024699  0.14648024]]",(0.005113398122-0j)
26,26,The chirpy birds foraged for the seeds. They were seeking new experiences.,0.697920036325984,0.697920036435622,-3.5057904869704197,2.6146241167090256,1.583158501886191,"[[0.07066272 0.47768115 0.06662313 0.38503301]
 [0.36679401 0.18154985 0.31281946 0.13883667]
 [0.00230623 0.02365122 0.13497962 0.83906293]
 [0.01559843 0.01035902 0.66401505 0.31002751]]",(0.208353646602-0j)
27,27,The imaginative bee stopped at the pristine flower. It was collecting essential pollen.,0.6786200614318146,0.678620061479603,-3.480233098842808,3.1339787907577934,1.8228062950507,"[[0.41883496 0.03116225 0.43152597 0.11847682]
 [0.180913   0.26908421 0.37395885 0.17604394]
 [0.04804679 0.12369407 0.80231414 0.025945  ]
 [0.00305146 0.1686894  0.55182038 0.27643875]]",(0.942373595416-0j)
28,28,The serrated knife scraped the construction fence surrounding the park. It was a rotten and weakened.,0.3828846782828108,0.382884678378951,-2.528752341824944,1.5315387135206946,1.577851621312383,"[[0.05126983 0.13135729 0.21428084 0.60309204]
 [0.00304893 0.17957819 0.01765793 0.79971495]
 [0.10797226 0.29561927 0.15757841 0.43883006]
 [0.00768408 0.39590746 0.01302278 0.58338568]]",(0.415621670049-0j)
29,29,The unwavering people led a protest against the government. They were embezzling public funds.,0.6423334964046552,0.6423334964109149,-3.066323379512964,2.5693339856568245,1.6302399158048244,"[[0.20287255 0.2076359  0.45766343 0.13182812]
 [0.03746027 0.37304818 0.16284317 0.42664838]
 [0.58241797 0.26021896 0.078118   0.07924506]
 [0.07714439 0.76549255 0.12315905 0.03420401]]",(0.335600234966+0j)
30,30,The sailors jumped off the navy boats. They were ignoring the warnings.,0.573861198041968,0.573861198041722,-3.614206112547309,2.2954447921847017,1.5757313138165705,"[[0.63151112 0.12072097 0.20808884 0.03967907]
 [0.40066963 0.35156246 0.14106809 0.10669982]
 [0.22714714 0.03859162 0.61245282 0.12180842]
 [0.14086116 0.1248776  0.40087656 0.33338468]]",(0.971492115426+0j)
31,31,The clever bee crawled on the flower. It was producing honey.,0.5944944145504657,0.5944944144443749,-3.598967289087446,2.37797765825919,1.6957217344261892,"[[0.53477324 0.09831539 0.24973559 0.11717578]
 [0.15548884 0.47759979 0.09401904 0.27289233]
 [0.12879251 0.0612219  0.65571632 0.15426927]
 [0.01587954 0.17413488 0.23362834 0.57635724]]",(0.487363217483+0j)
32,32,The active bee hovered above the flowering flower. It was an untouched paradise.,0.8862680313465064,0.8862680313695256,-5.160044909303012,4.211461023693297,1.5829256928268962,"[[4.38589011e-01 5.60592664e-01 3.54769135e-04 4.63555385e-04]
 [1.12902000e-01 8.86279675e-01 1.16440588e-05 8.06680461e-04]
 [2.71826218e-01 3.33714787e-01 1.67117562e-01 2.27341433e-01]
 [6.95764981e-02 5.35964507e-01 4.33371460e-02 3.51121849e-01]]",(0.110702466635-0j)
33,33,The graceful birds foraged for the scattered seeds. They were a juicy delight.,0.6426672313734119,0.6426672314596494,-2.9682608334902025,1.8882804453723177,1.6158003636034823,"[[0.01449756 0.51256074 0.04049063 0.43245106]
 [0.27531306 0.25174525 0.23324744 0.23969425]
 [0.00140166 0.06124866 0.05358654 0.88376314]
 [0.01720494 0.04544538 0.49135556 0.44599412]]",(0.95195325963+0j)
34,34,The bee hovered over the flower. It was full of pollen.,0.2796607107966737,0.2796607109904366,-1.8049441213126325,1.3297757678049735,1.5790051523623547,"[[5.68908974e-02 2.95042714e-01 9.81305740e-02 5.49935814e-01]
 [2.45247483e-02 3.27408863e-01 4.77481526e-02 6.00318236e-01]
 [4.84164204e-03 1.46480277e-02 1.50179829e-01 8.30330501e-01]
 [4.94989322e-04 1.89946804e-02 7.17779116e-02 9.08732419e-01]]",(0.088937350977-0j)
35,35,The durable knife scratched the swimming fence with care. It was sharp and powerful.,0.9397235695442044,0.9397235695444672,-5.971804166011109,5.526317053870733,1.582070486478805,"[[1.15477137e-03 3.03426911e-04 7.94061908e-01 2.04479894e-01]
 [1.37723423e-03 8.09640527e-05 9.39804534e-01 5.87372681e-02]
 [2.81040850e-01 7.23201353e-02 5.14175829e-01 1.32463186e-01]
 [3.32520588e-01 2.08403968e-02 6.08661180e-01 3.79778354e-02]]",(0.496309685887-0j)
36,36,The storm obstructed the flight. It was carrying important documents.,0.4450340341816028,0.4450340341816697,-2.3917178638411887,1.780617399863023,1.5819438800177452,"[[0.76452236 0.19243018 0.03438305 0.00866441]
 [0.91563887 0.04131367 0.04119336 0.00185411]
 [0.40886352 0.10293467 0.39004189 0.09815992]
 [0.48971194 0.02208625 0.46712029 0.02108152]]",(0.375616471847+0j)
37,37,The knife punctured the weak fence effortlessly. It was a precise tool.,0.4626237725121978,0.4626237727874587,-2.5667485379753434,1.8504950911720184,1.5820642414138932,"[[0.01351182 0.05693485 0.17933078 0.75022256]
 [0.00470827 0.06573839 0.06257675 0.86697659]
 [0.10182056 0.42808823 0.09102204 0.37906917]
 [0.03581475 0.49409404 0.03147027 0.43862094]]",(0.491632749272+0j)
38,38,The durable knife sliced through the fence smoothly. It was enclosing the prison yard.,0.5869361556503652,0.5869361556504074,-3.2301962117212395,2.3477446226016263,1.5854938426918803,"[[0.24448795 0.14375877 0.39036483 0.22138845]
 [0.38059327 0.00765345 0.59458961 0.01716367]
 [0.57143346 0.32549151 0.06341931 0.03965571]
 [0.87583672 0.02108826 0.09934616 0.00372886]]",(0.077297221397+0j)
39,39,The people took to the streets against the government. They were risking their safety.,0.6685123331999123,0.6685123333099403,-4.953330112766242,3.8327158272824216,1.5536454913297364,"[[0.48858101 0.03965085 0.40494751 0.06682063]
 [0.41528483 0.11294703 0.40261365 0.06915449]
 [0.20723433 0.01778185 0.68629418 0.08868963]
 [0.18913008 0.0358861  0.6287684  0.14621541]]",(0.072719603074-0j)
40,40,The adventurous students studied the books. They were struggling to stay awake.,0.625078949004424,0.6250789490958705,-3.0865287266340973,2.500315796383481,1.564479390194781,"[[0.47343472 0.18514032 0.32164041 0.01978456]
 [0.26625668 0.39231836 0.28165163 0.05977333]
 [0.03366729 0.13632889 0.76140784 0.06859598]
 [0.03796847 0.13202771 0.50993984 0.32006399]]",(0.214161416776+0j)
41,41,The skilled sailors slid off the unprotected boats. They were suffering structural damage.,0.8483502499400752,0.8483502499401487,-6.364498712863241,5.728757797802212,1.5819711578985618,"[[0.08244307 0.01908099 0.72962146 0.16885448]
 [0.09643566 0.00508839 0.85343864 0.0450373 ]
 [0.18533165 0.04289368 0.62673288 0.14504179]
 [0.21678652 0.01143881 0.73308779 0.03868688]]",(0.90166351862-0j)
42,42,The birds feasted on the crisp seeds. They were savory.,0.3061691716848315,0.3061691716850745,-1.7983457374212424,1.285208791260651,1.5805821701609153,"[[0.71049565 0.2771598  0.00799151 0.00435304]
 [0.96133014 0.02632531 0.01119229 0.00115226]
 [0.48480907 0.18154418 0.23367809 0.09996866]
 [0.64487693 0.02147633 0.3276455  0.00600124]]",(0.503361980604-0j)
43,43,The students created projects based on the humorous books. They were outdated.,0.5251282185092818,0.5251282206284471,-3.6044843836528657,2.1005128825143315,1.57658033353989,"[[0.08873325 0.18638995 0.20994789 0.51492892]
 [0.22478846 0.05033474 0.57546296 0.14941385]
 [0.12462981 0.2829101  0.17405133 0.41840876]
 [0.32309918 0.08444073 0.47715224 0.11530785]]",(0.801229999135+0j)
44,44,The storm battered the scheduled flight. It was putting lives in peril.,0.4423283047349166,0.4423283047335097,-3.657083516350008,1.9472643665847056,1.5866007724520927,"[[0.10525578 0.51100925 0.06868094 0.31505402]
 [0.40846043 0.2078046  0.25229239 0.13144258]
 [0.09010411 0.44587105 0.08383262 0.38019222]
 [0.35046722 0.18550795 0.3102856  0.15373923]]",(0.997549162512+0j)
45,45,The birds chewed on the tempting seeds. They were bursting with flavor.,0.3170666394578695,0.3170666396387886,-2.277200556745547,1.2775727909013104,1.5826297591370448,"[[0.51118538 0.12177913 0.2967862  0.07024929]
 [0.60196693 0.03099758 0.34806422 0.01897127]
 [0.64786794 0.15777708 0.16010363 0.03425135]
 [0.76711973 0.03852529 0.18291142 0.01144357]]",(0.95633178952-0j)
46,46,The winning sniper targeted the brutal terrorist. He was a top assassin.,0.8630218487083505,0.8630218487133297,-6.190577882192752,5.599457271428326,1.5818673131370926,"[[0.12482825 0.05038562 0.58722809 0.23755804]
 [0.17215447 0.0030594  0.81049168 0.01429446]
 [0.08516233 0.03446196 0.626894   0.2534817 ]
 [0.11756203 0.00206226 0.86508411 0.0152916 ]]",(0.979507208155-0j)
47,47,The passionate people staged a boycott against the government. They were promoting human rights.,0.6684462704383316,0.668446270456049,-3.719075162000205,2.673785081895616,1.5673913502025618,"[[0.58905538 0.28997057 0.09019541 0.03077864]
 [0.16264228 0.71638367 0.04793739 0.07303666]
 [0.24376241 0.16707397 0.43548838 0.15367524]
 [0.06538926 0.34544712 0.14519042 0.4439732 ]]",(0.120079706639-0j)
48,48,The heart moved brain-enhancing blood with resilience. It was a powerful muscle.,0.7497476555915736,0.7497476555835652,-4.329610764959571,3.176726979932047,1.5917841624177886,"[[0.16481762 0.52215295 0.07822532 0.23480411]
 [0.44884829 0.23812228 0.19368819 0.11934124]
 [0.24110672 0.75168388 0.00193622 0.00527318]
 [0.63653817 0.35625243 0.00599831 0.00121109]]",(0.396699675599+0j)
49,49,The knife scraped the fence with power. It was a powerful tool.,0.0431207392184781,0.043120739219966,-1.1090898742899025,0.2619785316215988,1.5857538600764736,"[[0.01918792 0.1317985  0.10685871 0.74215486]
 [0.02053394 0.13045248 0.08733174 0.76168184]
 [0.01285249 0.13556804 0.11319415 0.73838532]
 [0.02020489 0.12821564 0.08766079 0.76391868]]",(0.297564052392+0j)
50,50,The bee collected nectar from the awe-inspiring flower. It was searching for pollen.,0.6253698612443769,0.6253698613306516,-3.18922997927689,2.4920446138871997,1.5714712333100394,"[[0.33395883 0.00871034 0.6317215  0.02560933]
 [0.25774956 0.08491962 0.51933563 0.1379952 ]
 [0.88962374 0.02781535 0.07605658 0.00650433]
 [0.70681347 0.21062563 0.07027172 0.01228919]]",(0.155827730946-0j)
51,51,The determined bee rested on the pristine flower. It was in full bloom.,0.7985021005042667,0.7985021005044625,-4.1517712894301155,3.1940084020178516,1.5528206898532804,"[[0.54153682 0.08626918 0.31943252 0.05276148]
 [0.15976439 0.46804162 0.11571037 0.25648363]
 [0.05222187 0.01024538 0.80874748 0.12878528]
 [0.01476069 0.04770655 0.26071406 0.67681869]]",(0.000985307197+0j)
52,52,The unpredictable storm affected the international flight. It was putting lives in peril.,0.641354607539911,0.6413546075405825,-3.946359186309437,2.565418430186228,1.581555917645562,"[[0.14254052 0.67495702 0.03360241 0.14890005]
 [0.54124452 0.27625302 0.12374414 0.05875831]
 [0.08826802 0.40659592 0.08787492 0.41726114]
 [0.3276454  0.16721854 0.33734326 0.16779279]]",(0.988263368566-0j)
53,53,The sniper targeted the ruthless terrorist. He was a barbaric drug lord.,0.6274784162638533,0.6274784162652326,-3.526759397054552,2.5099136650650853,1.582442781167956,"[[0.05859039 0.40698962 0.06636159 0.4680584 ]
 [0.34199104 0.12358897 0.39105732 0.14336267]
 [0.01357419 0.09199575 0.1113778  0.78305227]
 [0.07783506 0.02773488 0.6552133  0.23921676]]",(0.008261817078-0j)
54,54,The active bee descended on the rich flower. It was a popular destination.,0.5513142041565133,0.5513142041602487,-2.8738447122945794,2.2052568166528213,1.7023834871219397,"[[0.00359347 0.15429205 0.23686642 0.60524806]
 [0.08451373 0.07337179 0.01989597 0.82221851]
 [0.07081003 0.58491388 0.16964985 0.17462624]
 [0.073441   0.58228291 0.0309687  0.31330738]]",(0.116346808943-0j)
55,55,The sailors tumbled off the safe boats. They were causing accidents.,0.7369361228245133,0.736936122831021,-3.846675734700188,2.947744491329159,1.5827114856342313,"[[0.03945088 0.16205104 0.15574047 0.64275761]
 [0.15778745 0.04371447 0.62268235 0.17581573]
 [0.00838883 0.03514484 0.18680252 0.76966381]
 [0.0336667  0.00986698 0.7468031  0.20966323]]",(0.000931865792-0j)
56,56,The sniper executed the brutal terrorist. He was a bad human rights violator.,0.374877601874344,0.3748776018825368,-2.30642581440919,1.5198086424978667,1.5826033279517469,"[[0.06680447 0.41340374 0.07308906 0.44670272]
 [0.05099051 0.4292177  0.0543401  0.46545168]
 [0.01411171 0.08614435 0.12578183 0.77396211]
 [0.01063463 0.08962143 0.09469598 0.80504796]]",(0.103589683054-0j)
57,57,The brave students delved into the books. They were filled with knowledge.,0.4895566483329674,0.4895566483423624,-3.1997774373503147,2.0581125606239983,1.5833108236008075,"[[0.61945728 0.15573504 0.18070653 0.04410116]
 [0.74139255 0.03379976 0.21434762 0.01046007]
 [0.37414863 0.09203489 0.42601518 0.1078013 ]
 [0.44505856 0.02112496 0.51068161 0.02313487]]",(0.502008237567+0j)
58,58,The storm caused trouble for the scheduled flight. It was full of passengers.,0.8632937398062452,0.8632937395535765,-5.002187493864923,4.703506018175348,1.6548030475712254,"[[0.04913063 0.69043754 0.0250056  0.23542622]
 [0.38500344 0.35456473 0.04198197 0.21844986]
 [0.05111533 0.88631465 0.02302091 0.03954912]
 [0.37099406 0.56643591 0.05599135 0.00657868]]",(0.356169322157-0j)
59,59,The police identified the criminals in court. They were highly unpredictable and dangerous.,0.4452998072510811,0.4452998072530691,-2.5636846153954744,1.7811992290122771,1.5830610472107218,"[[0.14639942 0.30748337 0.17569762 0.3704196 ]
 [0.00576286 0.44811993 0.00282012 0.54329709]
 [0.01240895 0.04962152 0.30968809 0.62828145]
 [0.0032197  0.05881076 0.00536328 0.93260626]]",(0.858158432116+0j)
60,60,The skilled bee approached the symmetrical flower. It was seeking the sweetest nectar.,0.6360097663996752,0.6360097663977895,-3.886634438011567,2.5440390656037155,1.6186254441574068,"[[0.06404685 0.51476654 0.03770274 0.38348388]
 [0.39849782 0.18031557 0.23764408 0.18354253]
 [0.05423204 0.6835273  0.04751754 0.21472311]
 [0.4553767  0.28238265 0.1807652  0.08147545]]",(0.794805912217+0j)
61,61,The powerful knife sliced through the parking fence separating the yards. It was a transparent and thin.,0.3062036994558688,0.3062036994609658,-1.7602525588270206,1.313062785475778,1.5790734384260603,"[[3.68918772e-02 2.96618195e-01 6.83690424e-02 5.98120885e-01]
 [3.94716277e-02 2.94038445e-01 8.31989227e-02 5.83291005e-01]
 [2.95905892e-04 4.94847030e-03 1.04965014e-01 8.89790610e-01]
 [9.91697069e-04 4.25267913e-03 1.21678853e-01 8.73076770e-01]]",(0.172838441957-0j)
62,62,The turbulent storm prevented the flight. It was flying to Hawaii.,0.5167613852229552,0.5167613852864621,-3.690402000312783,2.7693840989928336,1.7014649731039846,"[[0.23124125 0.62575518 0.10899379 0.03400979]
 [0.32841165 0.52858477 0.02274134 0.12026223]
 [0.04775669 0.47898095 0.29247835 0.18078401]
 [0.14664087 0.38009677 0.20451213 0.26875023]]",(0.398409802778-0j)
63,63,The familia birds ate the tasty seeds. They were a new experience.,0.7363442628403069,0.7363442628400428,-4.236745775877161,3.3767393208674834,1.6065093664485777,"[[0.09670512 0.76205706 0.0257128  0.11552502]
 [0.14191351 0.71684867 0.0076684  0.13356942]
 [0.02424158 0.2331809  0.09817634 0.64440118]
 [0.0666785  0.19074398 0.08290342 0.6596741 ]]",(0.231028031783-0j)
64,64,The sniper assassinated the notorious terrorist. He was a precise assassin.,0.316660617207205,0.31666061748771,-2.1406382334629037,1.266642469958574,1.583450754045573,"[[0.61749728 0.23033286 0.11171737 0.04045249]
 [0.82301798 0.02481216 0.14712272 0.00504714]
 [0.47511938 0.1783607  0.25409527 0.09242466]
 [0.63407602 0.01940406 0.33606467 0.01045525]]",(0.985034445736-0j)
65,65,The birds nibbled on the seeds. They were bursting with flavor.,0.3515893400584803,0.3515893400819071,-3.4530427708444957,2.0031354956228324,1.5820722747362836,"[[0.48384095 0.11046476 0.33058244 0.07511184]
 [0.56205164 0.03225407 0.38384341 0.02185087]
 [0.54046195 0.12476692 0.27396145 0.06080969]
 [0.62997446 0.0352544  0.3159206  0.01885054]]",(0.980887845306-0j)
66,66,The dangerous storm postponed the flight. It was carrying essential supplies.,0.4766338723848566,0.4766338725394751,-2.747519494239907,1.4782643963717474,1.583900904624606,"[[0.01222989 0.09695878 0.1039782  0.78683313]
 [0.04788768 0.06130098 0.38372815 0.50708318]
 [0.05630538 0.42244939 0.05990271 0.46134252]
 [0.20833997 0.27041479 0.22327586 0.29796937]]",(0.859231831015+0j)
67,67,The impulsive sailors jumped from the boats. They were tipping over.,0.7749038276388014,0.774903827672403,-4.617895657944354,3.2960145914023253,1.5774987709016783,"[[0.25710418 0.22189416 0.27099398 0.25000767]
 [0.42657118 0.05242716 0.46413582 0.05686584]
 [0.06275979 0.05304339 0.46533838 0.41885845]
 [0.10475366 0.01104952 0.78595334 0.09824348]]",(0.139362243731+0j)
68,68,The eager bee descended on the symmetrical flower. It was seeking nectar.,0.6565620765007463,0.6565620763141937,-3.7134525859700864,2.626248306066498,1.5808781221507535,"[[0.11070695 0.4238475  0.09522262 0.37022293]
 [0.44359154 0.0909629  0.38537759 0.08006796]
 [0.17643577 0.68605587 0.0294938  0.10801455]
 [0.7138598  0.14863185 0.11510934 0.02239901]]",(0.926536458715-0j)
69,69,The innovative people marched in solidarity against the unjust government. They were taking bribes.,0.6614584071419142,0.6614584071843435,-3.2461982954256245,2.6458336287863156,1.6729464555668985,"[[0.1621927  0.21455436 0.08405903 0.53919391]
 [0.33455576 0.04219129 0.43916837 0.18408457]
 [0.24357468 0.66413545 0.00267705 0.08961282]
 [0.74720625 0.16050389 0.02651789 0.06577197]]",(0.19788685827-0j)
70,70,The sailors jumped off the boats. They were avoiding capsizing.,0.5630914049876541,0.5630914050091875,-3.093473845021263,2.252365620039025,1.5812915978651172,"[[0.71367105 0.14738952 0.11475817 0.02418125]
 [0.80927864 0.05178194 0.13083324 0.00810619]
 [0.31131698 0.0657035  0.51711225 0.10586728]
 [0.35505392 0.02196655 0.58505795 0.03792157]]",(0.956161701084+0j)
71,71,The people staged a walkout against the government. They were engaging in nepotism.,0.4752350679025791,0.4752350678520376,-3.3393843930564295,1.900940271614956,1.5656021583742128,"[[0.65920061 0.23967402 0.06122277 0.0399026 ]
 [0.38406656 0.51480807 0.039573   0.06155236]
 [0.48292912 0.19052098 0.23749426 0.08905565]
 [0.26650931 0.40694078 0.15713026 0.16941965]]",(0.258678648082+0j)
72,72,The activist people occupied the city center against the unrepresentative government. They were spreading false information.,0.7037508979119991,0.7037508978541828,-3.531022787005192,2.8150035916494964,1.566003052068444,"[[0.50238128 0.13150509 0.32057942 0.04553421]
 [0.12218113 0.51170524 0.12982013 0.2362935 ]
 [0.80285171 0.15290044 0.02010899 0.02413886]
 [0.24318173 0.71257042 0.00881952 0.03542832]]",(0.411089535985+0j)
73,73,The knife punctured the fence surrounding the park. It was stuck for a moment.,0.6436800057123907,0.6436800059704497,-3.0527606283030617,2.060284838041092,1.5825646047975843,"[[0.0011266  0.01482661 0.07030373 0.91374307]
 [0.00857725 0.00737596 0.52244717 0.46159962]
 [0.03080114 0.39681901 0.04062918 0.53175066]
 [0.22758104 0.20003912 0.30344338 0.26893646]]",(0.27852378376+0j)
74,74,The ambitious students read the books. They were divisive.,0.5194593877773578,0.5194593877723388,-4.734115859006187,2.812010285807675,1.5799414542068653,"[[0.32280128 0.15249067 0.35258229 0.17212576]
 [0.47246921 0.00282274 0.52228212 0.00242593]
 [0.33380462 0.15803577 0.34157895 0.16658067]
 [0.4891038  0.00273658 0.50564753 0.00251208]]",(0.288798865481+0j)
75,75,The curious bee buzzed around the abundant flower. It was collecting valuable pollen.,0.8738432474591812,0.8738432474818835,-4.621350430353006,3.805035421270067,1.5816084911700987,"[[0.27187481 0.03497403 0.61278569 0.08036546]
 [0.11825447 0.18859438 0.26600998 0.42714117]
 [0.00948356 0.00133369 0.87517694 0.1140058 ]
 [0.00402474 0.00679252 0.38023971 0.60894303]]",(0.360515626058-0j)
76,76,The brave bee stopped at the abundant flower. It was searching for pollen.,0.2157371687119806,0.2157371766080212,-1.041064704704004,0.5584333910268181,1.581668791967468,"[[0.78825431 0.0410247  0.16215966 0.00856133]
 [0.67221374 0.15706526 0.13859188 0.03212911]
 [0.89099058 0.04654636 0.05942339 0.00303966]
 [0.76026194 0.177275   0.05054368 0.01191937]]",(0.091949404324-0j)
77,77,The hardworking students learned from the humorous books. They were enhancing their understanding.,0.8189020276607247,0.8189020276614144,-4.566611418830271,3.275608110645658,1.5821167205607272,"[[0.02817861 0.8237877  0.00488568 0.14314801]
 [0.45073417 0.40123214 0.07822026 0.06981343]
 [0.01628312 0.47749563 0.01678117 0.48944009]
 [0.26114367 0.23263508 0.26781076 0.23841049]]",(0.994661971057-0j)
78,78,The sailors sprang from the unprotected boats. They were avoiding capsizing.,0.4066921283545011,0.4066921288277441,-4.698114119978969,2.89145343235365,1.5840766581940822,"[[0.47100223 0.07524229 0.39141352 0.06234195]
 [0.49292434 0.05332018 0.40394937 0.04980611]
 [0.42882671 0.06135487 0.43358904 0.07622938]
 [0.43575817 0.0544234  0.46111553 0.04870289]]",(0.700435451903-0j)
79,79,The police arrested the criminals after a tip-off. They were trying to sell drugs.,0.7902277353160572,0.7902277355138931,-4.3222188783688065,3.265504824333852,1.5872281868976093,"[[0.08032892 0.80914899 0.01892125 0.09160084]
 [0.3672783  0.5221996  0.0841446  0.0263775 ]
 [0.01893411 0.45863726 0.08031605 0.44211257]
 [0.17640622 0.30116516 0.27501669 0.24741194]]",(0.012495911498+0j)
80,80,The plucky birds chewed on the soft seeds. They were satisfying their hunger.,0.3570378491898328,0.3570378490577378,-2.949757217538889,1.847817393829456,1.5871803489893024,"[[0.69586969 0.08753841 0.19573563 0.02085627]
 [0.69846017 0.08494793 0.18986443 0.02672747]
 [0.47811389 0.05645359 0.41349144 0.05194109]
 [0.47291528 0.0616522  0.41540932 0.0500232 ]]",(0.00834892356+0j)
81,81,The birds flitted to the slow seeds. They were flying to new destinations.,0.7123239744270908,0.7123239744273789,-3.9099959173557983,2.8492958977101077,1.5818872730026223,"[[0.36246824 0.13748461 0.36216157 0.13788557]
 [0.12212637 0.37782648 0.12177478 0.37827237]
 [0.00895843 0.00334741 0.71567139 0.27202277]
 [0.00304281 0.00926303 0.24085834 0.74683582]]",(0.863137351321+0j)
82,82,The hard-working students analyzed the useful books. They were discovering new information.,0.8602856573437134,0.860285657344326,-4.212083461853638,3.4411426293773033,1.5655799811376163,"[[0.00424176 0.00335458 0.34191158 0.65049208]
 [0.00510727 0.00248906 0.86277472 0.12962895]
 [0.12365247 0.27276352 0.22250087 0.38108314]
 [0.3325152  0.06390079 0.53536679 0.06821722]]",(0.040223802738+0j)
83,83,The dangerous storm posed a threat to the flight. It was creating dangerous conditions.,0.3300326025219244,0.3300326025512722,-1.9812943491563613,1.5576578885028065,1.5828940809288197,"[[8.27252577e-01 1.72702368e-01 3.34362805e-05 1.16188368e-05]
 [9.40554146e-01 5.94007984e-02 1.89288587e-05 2.61262587e-05]
 [5.06518029e-01 1.04022444e-01 3.20767985e-01 6.86915426e-02]
 [5.73330210e-01 3.72102626e-02 3.67242865e-01 2.22166621e-02]]",(0.067259297881+0j)
84,84,The precise sniper assassinated the dangerous terrorist. He was a vicious criminal.,0.4955936271067016,0.495593627097677,-3.4915677633849684,2.140634905815807,1.5783813183751518,"[[0.03762829 0.12970732 0.17192771 0.66073668]
 [0.09792227 0.06941333 0.48400758 0.34865681]
 [0.14992447 0.55256987 0.05963154 0.23787413]
 [0.41193895 0.29055538 0.1699909  0.12751477]]",(0.974263558153+0j)
85,85,The people held hands against the government. They were colluding with corporations.,0.3360772774213613,0.3360772776919114,-1.9151187299650232,1.3443091107676466,1.569415619797022,"[[0.48857691 0.1531879  0.2563697  0.10186549]
 [0.62471023 0.01705458 0.35313185 0.00510334]
 [0.71830815 0.24994441 0.02663846 0.00510897]
 [0.94895077 0.01930179 0.02889131 0.00285612]]",(0.00079602987+0j)
86,86,The resourceful sniper neutralized the terrorist. He was a talented sharpshooter.,0.5534974469524778,0.553497446942957,-3.9125579386051426,2.4201858515489065,1.582981627537448,"[[0.09852325 0.59886394 0.04536649 0.25724632]
 [0.51998218 0.17740501 0.22895402 0.07365879]
 [0.05976129 0.35623397 0.08412845 0.49987629]
 [0.31061822 0.10537705 0.43831799 0.14568675]]",(0.931239123985+0j)
87,87,The agile bee flew to the pretty flower. It was a valuable resource.,0.7770613805336946,0.777061380922033,-5.5359577967665015,4.728655468469507,1.6065900301793086,"[[8.09580381e-02 7.77584533e-01 5.23151588e-04 1.40934278e-01]
 [1.61847828e-01 6.96694743e-01 5.55296252e-02 8.59278041e-02]
 [5.51012260e-02 5.67378713e-01 2.63799637e-02 3.51140097e-01]
 [1.56057750e-01 4.66422190e-01 6.13197035e-02 3.16200357e-01]]",(0.205521717933+0j)
88,88,The sniper took out the terrorist. He was a notorious assassin.,0.451059438208427,0.4510594382053811,-4.111167092937636,2.353848508070337,1.5884352078622688,"[[0.08005528 0.51015622 0.05909678 0.35069172]
 [0.42928437 0.16092713 0.29832982 0.11145868]
 [0.07596137 0.44651985 0.0631907  0.41432809]
 [0.3855753  0.13690591 0.34203889 0.1354799 ]]",(0.024251665046-0j)
89,89,The storm battered the international flight. It was making road conditions hazardous.,0.6683778084878806,0.668377808453652,-4.006579071545463,2.6735112339531266,1.5854379800579252,"[[0.63435966 0.02162955 0.33474993 0.00926086]
 [0.43135502 0.22463419 0.22356126 0.12044952]
 [0.29118488 0.00954689 0.6779247  0.02134352]
 [0.20073477 0.099997   0.45418151 0.24508671]]",(0.914046957561+0j)
90,90,The smart sailors threw themselves off the boats. They were not safe.,0.534877561017608,0.5348775609702497,-4.389436588733676,2.7570699788355895,1.5818999544094794,"[[0.09452997 0.04576392 0.58064148 0.27906463]
 [0.07204997 0.06824392 0.4439847  0.41572141]
 [0.2437638  0.11788093 0.43140765 0.20694762]
 [0.18678675 0.17485798 0.32924792 0.30910735]]",(0.237114295858+0j)
91,91,The chirpy birds ate the ripe seeds. They were a satisfying food.,0.6361939315474103,0.6361939313939361,-4.7567511210624165,3.2468847889510957,1.6146087369781232,"[[0.18944439 0.37977727 0.20425001 0.22652833]
 [0.05255268 0.51666899 0.04648447 0.38429386]
 [0.28123243 0.45399865 0.11246197 0.15230695]
 [0.08826792 0.64696317 0.01076923 0.25399968]]",(0.005429850647-0j)
92,92,The chirpy birds plucked the crisp seeds. They were flavorsome.,0.4531059823720237,0.4531059823706328,-3.5184066234532416,1.8124239294927655,1.58196641346262,"[[0.36366892 0.24351913 0.23400151 0.15881044]
 [0.5464026  0.06078545 0.35166446 0.04114749]
 [0.26782677 0.1771343  0.32984365 0.22519527]
 [0.39953549 0.04542559 0.49853157 0.05650735]]",(0.492061031669-0j)
93,93,The precise sniper targeted the terrorist. He was a dangerous killer.,0.517649850013197,0.5176498501616735,-3.433553450407328,2.0705994006467816,1.5946260277828683,"[[0.25675633 0.2973892  0.22986569 0.21598878]
 [0.01724398 0.53690155 0.0192517  0.42660277]
 [0.11255789 0.12416079 0.37406413 0.38921719]
 [0.00505213 0.23166655 0.03144354 0.73183778]]",(0.024136134714-0j)
94,94,The peaceful people blockaded the government building against the out-of-touch government. They were making a point.,0.2041287584922415,0.2041287583465114,-2.8795633208460374,0.9692328387018724,1.591692545561835,"[[0.18085923 0.2013875  0.32439527 0.293358  ]
 [0.15726301 0.22498372 0.26316317 0.3545901 ]
 [0.31119851 0.31335643 0.19405599 0.18138907]
 [0.27259733 0.35195761 0.14782885 0.22761621]]",(0.29164928528-0j)
95,95,The hardworking students immersed themselves in the books. They were visually stunning.,0.4170906832596962,0.417090683566913,-1.864580727181384,1.238473324092658,1.580471714892957,"[[0.91036815 0.01354139 0.07517852 0.00091194]
 [0.62332603 0.30058351 0.0526023  0.02348815]
 [0.71160071 0.011109   0.27394596 0.00334434]
 [0.49236553 0.23034418 0.18356281 0.09372749]]",(0.013182289961-0j)
96,96,The birds munched on the exotic seeds. They were looking for a meal.,0.4823761512846524,0.4823761515609571,-2.846484039025861,1.929504606244844,1.5735441613242258,"[[0.38088883 0.10289146 0.39162022 0.12459949]
 [0.46502893 0.01875136 0.50112751 0.0150922 ]
 [0.65823058 0.18729663 0.11427847 0.04019432]
 [0.81470092 0.03082629 0.15145552 0.00301727]]",(0.0292404456+0j)
97,97,The resilient people took action against the corrupt government. They were committing war crimes.,0.4516935942465386,0.4516935942373324,-3.596099393698476,2.21089544451311,1.5861156324465857,"[[0.30613069 0.50016612 0.04847253 0.14523067]
 [0.45885945 0.34743736 0.06821029 0.12549291]
 [0.12905135 0.1245216  0.22555186 0.52087519]
 [0.15256158 0.10101136 0.37450815 0.3719189 ]]",(0.006761118108-0j)
98,98,The sudden storm forced the commercial flight. It was carrying cargo.,0.2887507875470667,0.2887507882784333,-3.242879872255502,1.394022883115332,1.5826423843803343,"[[0.24710314 0.14423495 0.38604279 0.22261911]
 [0.26617362 0.12516447 0.41391526 0.19474664]
 [0.36274093 0.21065007 0.27040501 0.15620399]
 [0.38931942 0.18407159 0.29076947 0.13583953]]",(0.582373297539-0j)
99,99,The adventurous students read over the adventurous books. They were improving their problem-solving skills.,0.4173018759177096,0.4173018760439153,-3.199299279498982,1.669207504176038,1.5538180369851553,"[[0.59727696 0.36135823 0.02535906 0.01600575]
 [0.50257936 0.45605583 0.03875395 0.00261086]
 [0.38844464 0.16694562 0.23419138 0.21041836]
 [0.28955269 0.26583757 0.25178062 0.19282912]]",(0.360267780514+0j)
100,100,The bee hovered above the flower. It was gathering nectar.,0.4474665691899872,0.4474665691644384,-2.8958280803224783,1.7898662769757478,1.582098116586375,"[[5.51455882e-01 4.47850773e-01 3.84203378e-04 3.09141883e-04]
 [8.28457986e-01 1.70848669e-01 5.67313854e-04 1.26031407e-04]
 [3.41988306e-01 2.78034181e-01 2.09851779e-01 1.70125734e-01]
 [5.13915942e-01 1.06106545e-01 3.15109358e-01 6.48681554e-02]]",(0.758780955156-0j)
