,Unnamed: 0,Sentence,CF,SF,CbD,DI,Distribution,Entropy
0,0,The knife scraped the school fence rapidly. It was enclosing the private property.,0.3407477357403493,0.3407477357402306,-1.9731382945561935,1.5574330451605474,"[[8.09325411e-01 1.90673686e-01 7.36059461e-07 1.67698822e-07]
 [9.51387713e-01 4.86113828e-02 8.57244298e-07 4.65139850e-08]
 [4.94208166e-01 1.16432669e-01 3.15117980e-01 7.42411846e-02]
 [5.80956397e-01 2.96844382e-02 3.70432174e-01 1.89269911e-02]]",(0.266139591688+0j)
1,1,The resourceful sailors escaped off the boats. They were suffering structural damage.,0.675384526501668,0.6753845265018266,-5.190958047658416,3.903255170167368,"[[0.22044028 0.05512352 0.58935306 0.13508313]
 [0.26343535 0.01212846 0.68751298 0.03692321]
 [0.40948695 0.09987712 0.40030639 0.09032954]
 [0.48607972 0.02328436 0.46486862 0.02576731]]",(0.980033755957-0j)
2,2,The storm caused a delay for the morning flight. It was producing tornadoes.,0.1274282834416196,0.127428283431001,-1.1102722404662606,0.6317228523273137,"[[0.38112042 0.12864169 0.03825627 0.45198161]
 [0.24776662 0.26199549 0.23149306 0.25874483]
 [0.22317553 0.32362946 0.19620117 0.25699385]
 [0.46367293 0.08313205 0.01558675 0.43760826]]",(0.906593968919+0j)
3,3,The lively birds chirped and ate the seeds. They were a sweet treat.,0.6087228314923395,0.6087228314789228,-3.567293357421348,2.4348913259726688,"[[0.16090626 0.06505474 0.67377757 0.10026144]
 [0.0354641  0.19049689 0.19879821 0.5752408 ]
 [0.36817799 0.05255156 0.46650584 0.11276462]
 [0.12915552 0.29157403 0.10510679 0.47416366]]",(0.266870876439+0j)
4,4,The sniper took aim the ruthless terrorist. He was a barbaric bomb maker.,0.4548945305771545,0.4548945306075677,-3.512056485019945,2.34614906652381,"[[0.25089671 0.45649953 0.08394898 0.20865477]
 [0.16945431 0.53794194 0.08304741 0.20955635]
 [0.05328991 0.06756907 0.28155579 0.59758524]
 [0.0294955  0.09136347 0.22300621 0.65613481]]",(0.83552522574+0j)
5,5,The storm disrupted the commercial flight. It was causing flash floods.,0.7626684406950166,0.762668440896041,-3.800307611045023,3.0506737635841645,"[[0.49350801 0.31900648 0.12925392 0.05823158]
 [0.78560383 0.02691067 0.1845652  0.0029203 ]
 [0.11191783 0.09558276 0.5108441  0.28165531]
 [0.19784897 0.00965162 0.77232006 0.02017935]]",(0.925275307123-0j)
6,6,The bold sailors dove off the boats. They were not sturdy.,0.271248422367411,0.2712484224493422,-2.3622010667193627,1.4029985371170364,"[[0.08039295 0.29607208 0.1445896  0.47894537]
 [0.08196038 0.29450465 0.14548134 0.47805363]
 [0.00733127 0.01838413 0.21765128 0.75663332]
 [0.00445778 0.02125761 0.22298393 0.75130067]]",(0.029622091414-0j)
7,7,The winning sniper killed the dangerous terrorist. He was a barbaric dictator.,0.6005278007572336,0.6005278020071703,-3.4269223249944423,2.388022307843652,"[[0.01000272 0.61034354 0.01333797 0.36631578]
 [0.25501612 0.36533014 0.16476907 0.21488467]
 [0.00219244 0.1590544  0.02114824 0.81760491]
 [0.07410118 0.08714566 0.345684   0.49306915]]",(0.003940924066-0j)
8,8,The hardworking bee gathered pollen from the lovely flower. It was generating pollen.,0.4020748948171954,0.4020748947988999,-3.490216961443164,2.394993823635743,"[[0.50093357 0.06650825 0.26318181 0.16937637]
 [0.42991071 0.1375311  0.41212917 0.02042902]
 [0.30783098 0.13213401 0.4562844  0.10375062]
 [0.31900253 0.12096246 0.52303735 0.03699766]]",(0.041418184294-0j)
9,9,The sailors abandoned the ill-designed boats. They were navigating poorly.,0.5325732067316312,0.5325732067195932,-3.356609438253776,2.3287014906626036,"[[0.3061886  0.57596564 0.04339243 0.07445332]
 [0.82091365 0.06124059 0.11084276 0.007003  ]
 [0.20342747 0.39307522 0.14615357 0.25734374]
 [0.55312959 0.0433731  0.37862682 0.02487049]]",(0.010541514944+0j)
10,10,The hardworking bee gathered pollen from the intricate flower. It was a treasure.,0.36424897972589,0.3642489797895368,-2.088860885981008,1.6663223220142864,"[[0.07168745 0.35110459 0.11366693 0.46354103]
 [0.02874424 0.39404779 0.02979882 0.54740915]
 [0.00100822 0.00520324 0.18434616 0.80944238]
 [0.00105486 0.0051566  0.0574882  0.93630034]]",(0.004938314079-0j)
11,11,The brave students learned from the stimulating books. They were convincing.,0.432022180354664,0.4320221804131636,-3.734587568390059,2.3687730216091083,"[[0.14496247 0.34673734 0.14040817 0.36789201]
 [0.44224207 0.04945774 0.43532183 0.07297836]
 [0.17296485 0.54442797 0.11240579 0.17020138]
 [0.61357038 0.10382244 0.26399352 0.01861366]]",(0.00243929052-0j)
12,12,The sailors left the navy boats. They were facing the storm.,0.6810258766317798,0.6810258764793218,-4.063160618494447,2.724103506660242,"[[3.13732651e-01 2.91096313e-04 6.81316973e-01 4.65927953e-03]
 [1.85664641e-01 1.28359106e-01 4.06842326e-01 2.79133927e-01]
 [6.07768491e-01 2.83269130e-03 3.87281133e-01 2.11768454e-03]
 [3.49666191e-01 2.60934991e-01 2.42840775e-01 1.46558042e-01]]",(0.00048597213-0j)
13,13,The serrated knife scraped the old fence surrounding the garden. It was a separating the yards.,0.4745421840200463,0.4745421840209719,-2.4205915923412618,1.8981687360838888,"[[0.16378506 0.35111532 0.10025664 0.38484298]
 [0.01147242 0.50342796 0.02888578 0.45621384]
 [0.02231401 0.02444264 0.24172769 0.71151566]
 [0.00556598 0.04119067 0.03479221 0.91845114]]",(0.140009815473-0j)
14,14,The precision knife cut through the fence surrounding the property. It was separating the fields.,0.7357774522587379,0.7357774522535399,-4.315795957724756,3.322479381348573,"[[0.41182719 0.1890782  0.2839206  0.11517401]
 [0.44368112 0.15722427 0.34279452 0.05630008]
 [0.02912427 0.02157392 0.66662352 0.28267829]
 [0.02452478 0.02617341 0.76195086 0.18735095]]",(0.811706796005-0j)
15,15,The activist people held a vigil against the government. They were demanding a voice.,0.3390950179985328,0.3390950179981973,-2.972202183077371,1.3563800719949586,"[[0.09357555 0.42309221 0.08399719 0.39933505]
 [0.22013615 0.29653161 0.21584192 0.26749032]
 [0.05280679 0.22081105 0.12476595 0.60161621]
 [0.12098886 0.15262898 0.31498921 0.41139295]]",(0.48785995834+0j)
16,16,The diligent birds pecked at the mouth-watering seeds. They were a filling food.,0.5690320105143996,0.5690320105125912,-3.737919076587656,2.27612804208004,"[[0.30749962 0.03215083 0.60118284 0.05916672]
 [0.13219128 0.20745917 0.27507798 0.38527158]
 [0.59159045 0.05581225 0.317092   0.03550529]
 [0.26426701 0.38313569 0.14300224 0.20959505]]",(0.243636751899-0j)
17,17,The police chased the criminals for hours. They were notorious and dangerous.,0.5377519013658372,0.5377519013683995,-2.7593547670793948,2.151007605474075,"[[0.72690637 0.05594232 0.16602283 0.05112848]
 [0.27157291 0.51127578 0.09590184 0.12124946]
 [0.84695322 0.05827344 0.04597598 0.04879736]
 [0.34378239 0.56144427 0.02369237 0.07108097]]",(0.181286613385+0j)
18,18,The sniper took out the terrorist. He was a ruthless assassin.,0.5532122153548503,0.5532122153556569,-3.3106978893427046,2.09717462401002,"[[0.09576268 0.47493889 0.09220196 0.33709647]
 [0.17519204 0.39550953 0.21688321 0.21241522]
 [0.00661324 0.03979467 0.1813514  0.77224068]
 [0.00380786 0.04260006 0.38826739 0.5653247 ]]",(0.318048838599+0j)
19,19,The monstrous storm destroyed the flight. It was bringing high winds.,0.7556643197286073,0.7556643197175836,-5.431940408409645,4.795056454644096,"[[0.02941729 0.79294018 0.03727586 0.14036668]
 [0.30384288 0.51851458 0.01692816 0.16071438]
 [0.00237396 0.76149688 0.06431919 0.17180998]
 [0.26183661 0.50203423 0.05893443 0.17719473]]",(0.312079894682+0j)
20,20,The treacherous storm cancelled the flight. It was flying to Hawaii.,0.4630832627315717,0.4630832627323761,-3.295539067395508,2.1397104208990214,"[[0.19546539 0.21907593 0.29092027 0.29453841]
 [0.35245043 0.06209089 0.50841991 0.07703877]
 [0.45844324 0.49102569 0.02794242 0.02258865]
 [0.81647491 0.13299401 0.04439543 0.00613565]]",(0.983014510423+0j)
21,21,The diligent birds tried the tall seeds. They were fearless.,0.1985536797868452,0.1985536797936,-0.5611886483121071,0.909353945828156,"[[0.0453892  0.38449866 0.18594498 0.38416717]
 [0.29467983 0.13520803 0.00688275 0.5632294 ]
 [0.18928288 0.01326649 0.04205129 0.75539934]
 [0.15257976 0.04996961 0.14898282 0.64846781]]",(0.203598629616-0j)
22,22,The imaginative bee buzzed around the sweet flower. It was abundant with pollen.,0.2542399563378774,0.2542399563883968,-1.85911016886078,1.0417113377666796,"[[0.78481325 0.08324126 0.11688492 0.01506058]
 [0.75729094 0.11076357 0.11695144 0.01499405]
 [0.58612049 0.06133772 0.31557768 0.03696411]
 [0.56282171 0.0846365  0.31142067 0.04112112]]",(0.278884100025+0j)
23,23,The diligent birds chose the overlooked seeds. They were a quick snack.,0.4355375694087389,0.4355375694130416,-3.9818225480699816,2.4683100436005687,"[[0.56996211 0.10239114 0.28393108 0.04371568]
 [0.15445864 0.51789461 0.08235704 0.24528971]
 [0.54033335 0.09141004 0.31355984 0.05469677]
 [0.15142163 0.48032175 0.08539405 0.28286257]]",(0.169425323087-0j)
24,24,The sniper assassinated the notorious terrorist. He was a precise marksman.,0.6061331908080321,0.6061331907906677,-4.823923162158219,3.2682440715126693,"[[0.39043427 0.59356512 0.00635388 0.00964673]
 [0.37181384 0.61218555 0.00605236 0.00994825]
 [0.24111211 0.36660387 0.15567605 0.23660798]
 [0.22964935 0.37806662 0.14821684 0.24406718]]",(0.013846901103+0j)
25,25,The sharp knife scratched the fence effortlessly. It was weak and unstable.,0.7357495436232809,0.735749543613034,-5.400565950836745,4.546317297401915,"[[0.1785684  0.54874661 0.14791683 0.12476816]
 [0.08717918 0.64013582 0.11623296 0.15645203]
 [0.30681449 0.6323472  0.01967074 0.04116757]
 [0.18535623 0.75380546 0.01805592 0.04278239]]",(0.353956283269-0j)
26,26,The storm devastated the commercial flight. It was putting lives in peril.,0.7161641603350792,0.7161641603355153,-3.441330017633986,2.8646566413427386,"[[0.0097303  0.00505864 0.7212228  0.26398826]
 [0.00750127 0.00728767 0.16860845 0.81660261]
 [0.3322134  0.07072589 0.3987397  0.19832101]
 [0.1048963  0.29804299 0.07121342 0.52584729]]",(0.193944683348-0j)
27,27,The chirpy birds foraged for the seeds. They were seeking new experiences.,0.4062346041143191,0.4062346098624967,-3.0577378245003306,1.624938440215824,"[[0.57516978 0.28064208 0.11618479 0.02800334]
 [0.40702967 0.44878219 0.04254758 0.10164055]
 [0.43568967 0.14147632 0.25566491 0.1671691 ]
 [0.30649094 0.27067505 0.14308631 0.2797477 ]]",(0.171035212844+0j)
28,28,The imaginative bee stopped at the pristine flower. It was collecting essential pollen.,0.6085233432633821,0.608523343251131,-3.468199556314652,2.4340933730803824,"[[0.1682705  0.50335399 0.05098348 0.27739203]
 [0.50929843 0.16232606 0.20626471 0.1221108 ]
 [0.04286093 0.06417886 0.17639305 0.71656716]
 [0.08807794 0.01896185 0.6274852  0.26547501]]",(0.805253866754-0j)
29,29,The serrated knife scraped the construction fence surrounding the park. It was a rotten and weakened.,0.7879820249459234,0.7879820249481221,-4.267536829377485,3.574840770421524,"[[0.00430833 0.84419102 0.05620899 0.09529165]
 [0.28170734 0.56679201 0.0143419  0.13715875]
 [0.00982427 0.39195314 0.05069306 0.54752953]
 [0.21364925 0.18812816 0.08239999 0.5158226 ]]",(0.114306173167-0j)
30,30,The unwavering people led a protest against the government. They were embezzling public funds.,0.5854602846565804,0.585460284528962,-3.0555640409575053,2.165074483845925,"[[0.82954793 0.05996445 0.07985927 0.03062835]
 [0.3357418  0.55377058 0.03239677 0.07809084]
 [0.62446675 0.07932375 0.28494045 0.01126905]
 [0.21345929 0.49033121 0.15467928 0.14153022]]",(0.362281099694+0j)
31,31,The sailors jumped off the navy boats. They were ignoring the warnings.,0.6973454069547789,0.6973454069858418,-3.373832210972842,2.7893816279433667,"[[0.11425818 0.7385338  0.04118839 0.10601962]
 [0.63049666 0.22229533 0.1008905  0.04631751]
 [0.13277255 0.36117567 0.02267402 0.48337775]
 [0.43021172 0.06373651 0.30117545 0.20487633]]",(0.004107498564+0j)
32,32,The clever bee crawled on the flower. It was producing honey.,0.7673982598342173,0.7673982600325293,-4.325621108659015,4.088235272538645,"[[0.36553863 0.16323786 0.41789842 0.05332509]
 [0.51518693 0.01358956 0.32060641 0.1506171 ]
 [0.01595588 0.05243919 0.76748116 0.16412376]
 [0.044871   0.02352408 0.79092234 0.14068259]]",(0.920260497782+0j)
33,33,The active bee hovered above the flowering flower. It was an untouched paradise.,0.6601872323522806,0.660187232353574,-3.722780830512062,2.640748929414782,"[[0.35830367 0.13700286 0.36343441 0.14125906]
 [0.11262861 0.38267793 0.17474982 0.32994364]
 [0.67419158 0.27337408 0.0475465  0.00488784]
 [0.25645224 0.69111342 0.03092619 0.02150815]]",(0.500888442481+0j)
34,34,The graceful birds foraged for the scattered seeds. They were a juicy delight.,0.8845468084283064,0.8845468084284884,-4.40320292866089,3.791040383796389,"[[0.01010945 0.00522747 0.88977428 0.0948888 ]
 [0.00929245 0.00604447 0.35846071 0.62620236]
 [0.26724957 0.0372903  0.63263416 0.06282596]
 [0.08939767 0.21514221 0.27835549 0.41710463]]",(0.403666728443+0j)
35,35,The bee hovered over the flower. It was full of pollen.,0.669518924392995,0.6695189246137765,-3.654396006692662,2.678075698667052,"[[0.60540647 0.2236639  0.14260795 0.02832168]
 [0.81554908 0.01352129 0.15833484 0.01259479]
 [0.20379511 0.10056989 0.54421931 0.15141569]
 [0.302807   0.001558   0.67107692 0.02455808]]",(0.97543947812-0j)
36,36,The durable knife scratched the swimming fence with care. It was sharp and powerful.,0.7036373850116502,0.7036373850258479,-3.854860957583445,2.8791489061552573,"[[0.17441591 0.65595329 0.03837488 0.13125592]
 [0.67130357 0.15906563 0.14291579 0.02671501]
 [0.19155542 0.72487276 0.02123537 0.06233645]
 [0.74649649 0.16993169 0.06772287 0.01584895]]",(0.951563520056-0j)
37,37,The storm obstructed the flight. It was carrying important documents.,0.6939603383161224,0.6939603383269008,-3.5668655103838733,2.6504011923444386,"[[0.03319024 0.67413101 0.01153072 0.28114803]
 [0.35484549 0.35247576 0.14505322 0.14762553]
 [0.00607981 0.10761337 0.03864114 0.84766568]
 [0.05674075 0.05695243 0.44315797 0.44314885]]",(0.3975341594+0j)
38,38,The knife punctured the weak fence effortlessly. It was a precise tool.,0.7416270688339801,0.7416270688347777,-3.649794815286092,2.96650827533911,"[[0.69841036 0.26004508 0.02399979 0.01754477]
 [0.21194707 0.74650837 0.0048813  0.03666325]
 [0.42327889 0.22702625 0.29913126 0.0505636 ]
 [0.10113955 0.54916559 0.11568882 0.23400604]]",(0.924543157938+0j)
39,39,The durable knife sliced through the fence smoothly. It was enclosing the prison yard.,0.929242567363844,0.9292425673641352,-5.501502421398951,5.007624483584471,"[[0.00374861 0.0405368  0.67462605 0.28108853]
 [0.02769177 0.01659364 0.94583621 0.00987838]
 [0.23116853 0.12454258 0.44720613 0.19708275]
 [0.34101102 0.01470009 0.63251696 0.01177193]]",(0.54472592595+0j)
40,40,The people took to the streets against the government. They were risking their safety.,0.5302616646367067,0.5302616645859536,-3.277573890739724,2.2245025970016656,"[[0.1657133  0.20552009 0.27148159 0.35728502]
 [0.33686293 0.03437046 0.56463213 0.06413448]
 [0.40648054 0.5208785  0.03071435 0.04192661]
 [0.83736066 0.08999838 0.06413439 0.00850657]]",(0.952704979392+0j)
41,41,The adventurous students studied the books. They were struggling to stay awake.,0.6066396078704086,0.6066396078699542,-3.3784559306475033,2.8526643152871936,"[[0.56637031 0.16070832 0.26825743 0.00466394]
 [0.68331935 0.04375928 0.15028575 0.12263562]
 [0.11351612 0.11447201 0.72111162 0.05090025]
 [0.19749669 0.03049144 0.63610841 0.13590346]]",(0.317601018413-0j)
42,42,The skilled sailors slid off the unprotected boats. They were suffering structural damage.,0.5228305631011475,0.5228305631128004,-3.246457506184771,2.1467238825238963,"[[0.62995313 0.15651136 0.17036176 0.04317375]
 [0.75168204 0.03478245 0.20443626 0.00909926]
 [0.34524694 0.08804079 0.45506795 0.11164432]
 [0.41503614 0.01825159 0.54108216 0.02563011]]",(0.9587485573+0j)
43,43,The birds feasted on the crisp seeds. They were savory.,0.7813270217911948,0.7813270217912627,-3.963868696315171,3.12530808716505,"[[0.11565239 0.36399528 0.13598821 0.38436412]
 [0.36791404 0.11173363 0.4348842  0.08546813]
 [0.00129238 0.02017884 0.25034822 0.72818056]
 [0.00981201 0.01165921 0.79298623 0.18554255]]",(0.000301889037+0j)
44,44,The students created projects based on the humorous books. They were outdated.,0.6689719467912677,0.6689719467940647,-3.6197476564952527,2.6758877871762587,"[[0.02056924 0.12822119 0.23407922 0.61713036]
 [0.11260687 0.03618355 0.7051555  0.14605408]
 [0.07276628 0.33492475 0.18188218 0.41042679]
 [0.29661446 0.11107658 0.52114791 0.07116106]]",(0.961230453896+0j)
45,45,The storm battered the scheduled flight. It was putting lives in peril.,0.5710492295890137,0.5710492295924152,-2.80249172309134,2.284196918373813,"[[0.09408372 0.01341633 0.58446556 0.30803439]
 [0.05582421 0.05167584 0.09674219 0.79575776]
 [0.4699976  0.0815753  0.20855168 0.23987542]
 [0.1428275  0.40874539 0.0097389  0.43868821]]",(0.02520442506+0j)
46,46,The birds chewed on the tempting seeds. They were bursting with flavor.,0.3929588110052078,0.3929588109598236,-2.84318515036777,1.5718352440225645,"[[0.33962909 0.22667905 0.15669554 0.27699631]
 [0.05931626 0.50699189 0.11403308 0.31965877]
 [0.13499672 0.23919081 0.36132792 0.26448455]
 [0.01069046 0.36349707 0.16265887 0.46315359]]",(0.715691811762+0j)
47,47,The winning sniper targeted the brutal terrorist. He was a top assassin.,0.800481808023121,0.8004818080071887,-4.243847121230672,3.2019272320944343,"[[0.11769809 0.80191857 0.00143676 0.07894659]
 [0.41899766 0.50061899 0.04031415 0.0400692 ]
 [0.0675054  0.28598722 0.05162944 0.59487793]
 [0.1702181  0.18327453 0.28909371 0.35741366]]",(0.996906391329+0j)
48,48,The passionate people staged a boycott against the government. They were promoting human rights.,0.8659198896518019,0.865919889652898,-4.623384134816854,3.8676214091165857,"[[0.03029694 0.88432926 0.01840937 0.06696443]
 [0.23212366 0.68250254 0.00483646 0.08053734]
 [0.00520975 0.33273583 0.04349656 0.61855786]
 [0.11535716 0.22258842 0.12160295 0.54045147]]",(0.913418832031+0j)
49,49,The heart moved brain-enhancing blood with resilience. It was a powerful muscle.,0.9413268306141416,0.941326830614182,-5.854356348189814,5.339755307645454,"[[2.52334414e-02 9.41602514e-01 2.75683072e-04 3.28883619e-02]
 [3.69730601e-01 5.97105354e-01 1.06039894e-02 2.25600555e-02]
 [1.68638886e-02 7.57082699e-01 8.64523588e-03 2.17408177e-01]
 [2.90832592e-01 4.83113995e-01 8.95019991e-02 1.36551414e-01]]",(0.64754778076+0j)
50,50,The knife scraped the fence with power. It was a powerful tool.,0.4941487872588063,0.4941488103257428,-3.2997206014959666,1.9765952413227472,"[[0.68733664 0.15634053 0.10082295 0.05549988]
 [0.31836325 0.52531393 0.03116512 0.1251577 ]
 [0.44581823 0.13610003 0.34234136 0.07574038]
 [0.22450488 0.35741338 0.12502348 0.29305825]]",(0.027886757331+0j)
51,51,The bee collected nectar from the awe-inspiring flower. It was searching for pollen.,0.6444336206563263,0.6444336207398147,-3.243436535864741,2.577734482968675,"[[0.24604561 0.06152586 0.560659   0.13176953]
 [0.29370186 0.01386961 0.65830323 0.03412531]
 [0.73088867 0.17661736 0.07581594 0.01667803]
 [0.8645527  0.04295332 0.08745238 0.00504159]]",(0.207939778247-0j)
52,52,The determined bee rested on the pristine flower. It was in full bloom.,0.1975165937377678,0.1975165937441023,-1.4958391301469025,0.961582741202304,"[[0.2388942  0.21574917 0.01823257 0.52712406]
 [0.2087498  0.24589357 0.1303213  0.41503533]
 [0.15451631 0.05973137 0.10261046 0.68314185]
 [0.02395427 0.19029341 0.31511683 0.47063548]]",(0.990982428596+0j)
53,53,The unpredictable storm affected the international flight. It was putting lives in peril.,0.6384902159350716,0.6384902161629324,-3.380879922773029,2.633131551148868,"[[0.7817287  0.10868851 0.08045949 0.0291233 ]
 [0.23868731 0.6517299  0.01323969 0.0963431 ]
 [0.74943538 0.13254548 0.11275281 0.00526633]
 [0.20418308 0.67779778 0.04774392 0.07027522]]",(0.413413903773+0j)
54,54,The sniper targeted the ruthless terrorist. He was a barbaric drug lord.,0.6618246247517254,0.6618246247522416,-2.97499366292859,2.118045560158719,"[[0.02132194 0.082266   0.0432803  0.85313175]
 [0.05642919 0.04715875 0.53768444 0.35872761]
 [0.00914459 0.43639893 0.05545765 0.49899883]
 [0.20964234 0.23590118 0.38447129 0.16998518]]",(0.390545852523-0j)
55,55,The active bee descended on the rich flower. It was a popular destination.,0.3374286694344599,0.337428669511681,-2.2573180690612933,1.489314237270827,"[[0.05227318 0.32656386 0.12384619 0.49731677]
 [0.10258558 0.27625147 0.14121948 0.47994348]
 [0.00357044 0.00293804 0.17254893 0.82094259]
 [0.00442974 0.00207874 0.23937532 0.7541162 ]]",(0.02585975816-0j)
56,56,The sailors tumbled off the safe boats. They were causing accidents.,0.533828680519223,0.5338286805185518,-3.597746147774072,2.13531472207847,"[[0.06682932 0.15182156 0.2278564  0.55349272]
 [0.16774027 0.05091061 0.58473929 0.19660983]
 [0.18062173 0.43723595 0.11406399 0.26807833]
 [0.46722476 0.15063292 0.2852548  0.09688753]]",(0.001997875011+0j)
57,57,The sniper executed the brutal terrorist. He was a bad human rights violator.,0.574322157110343,0.5743221576568767,-2.902724390227633,2.2546056647423836,"[[0.0435978  0.57074734 0.02747605 0.35817881]
 [0.12881267 0.48553247 0.08174459 0.30391027]
 [0.00359275 0.04710097 0.0674811  0.88182517]
 [0.01041369 0.04028003 0.20014358 0.7491627 ]]",(0.891505016264+0j)
58,58,The brave students delved into the books. They were filled with knowledge.,0.5374263157351966,0.5374263157353079,-2.8410438989444806,2.149705262941231,"[[0.28497575 0.16536062 0.28655879 0.26310483]
 [0.4433847  0.00695167 0.54437799 0.00528564]
 [0.56396323 0.40186488 0.00757131 0.02660058]
 [0.95897371 0.00685439 0.02878897 0.00538292]]",(0.946822968143-0j)
59,59,The storm caused trouble for the scheduled flight. It was full of passengers.,0.411188813068061,0.411188813079973,-3.660424141488228,2.3820926940846356,"[[0.21423008 0.09884009 0.50468342 0.18224641]
 [0.21631803 0.09675214 0.45927379 0.22765605]
 [0.64644404 0.2621493  0.07246946 0.0189372 ]
 [0.61607031 0.29252303 0.05952151 0.03188515]]",(0.338155921066+0j)
60,60,The police identified the criminals in court. They were highly unpredictable and dangerous.,0.8865925079700978,0.8865925082531938,-5.99422999965461,5.658190445691879,"[[0.22157496 0.7308891  0.02475685 0.02277909]
 [0.06087872 0.89158535 0.00499284 0.0425431 ]
 [0.2037288  0.57055811 0.04260301 0.18311007]
 [0.02362063 0.75066629 0.04225093 0.18346216]]",(0.836854738895+0j)
61,61,The skilled bee approached the symmetrical flower. It was seeking the sweetest nectar.,0.68307716853044,0.6830771687446844,-3.730579048831976,2.732308674979032,"[[0.33504212 0.09744505 0.43753899 0.12997384]
 [0.07387119 0.35861598 0.14183134 0.4256815 ]
 [0.68092834 0.21785136 0.09165277 0.00956754]
 [0.16977232 0.72900737 0.04593021 0.0552901 ]]",(0.994703435093+0j)
62,62,The powerful knife sliced through the parking fence separating the yards. It was a transparent and thin.,0.5871162609805765,0.5871162610448177,-2.7964248668304306,2.0443509158500612,"[[0.02248723 0.51794741 0.00685968 0.45270568]
 [0.19229372 0.34814092 0.13401106 0.3255543 ]
 [0.01137056 0.04661197 0.01797635 0.92404112]
 [0.01509177 0.04289075 0.311213   0.63080447]]",(0.040998972739+0j)
63,63,The turbulent storm prevented the flight. It was flying to Hawaii.,0.3021139056171726,0.302113905621814,-1.9345986915789424,1.345475124214198,"[[0.58392827 0.31183287 0.06998399 0.03425488]
 [0.8877156  0.00804554 0.10256544 0.00167342]
 [0.4422712  0.26911049 0.21164106 0.07697725]
 [0.70938861 0.00199307 0.28089243 0.00772589]]",(0.788737508481-0j)
64,64,The familia birds ate the tasty seeds. They were a new experience.,0.4139033713071677,0.4139033713831729,-3.776152337988469,2.4110537565421275,"[[0.59054537 0.06250255 0.31160389 0.03534819]
 [0.19772897 0.45531895 0.10165685 0.24529523]
 [0.64411088 0.0653722  0.25803838 0.03247854]
 [0.21846269 0.49102039 0.08092313 0.20959379]]",(0.457207034527+0j)
65,65,The sniper assassinated the notorious terrorist. He was a precise assassin.,0.7153481122013805,0.7153481122018255,-4.916732092361146,3.5683823324062627,"[[0.26434899 0.71965087 0.00430276 0.01169738]
 [0.42406637 0.55993349 0.00690206 0.00909808]
 [0.16324315 0.44447275 0.1054086  0.28687551]
 [0.26191947 0.34579643 0.16904896 0.22323514]]",(0.01427108933-0j)
66,66,The birds nibbled on the seeds. They were bursting with flavor.,0.6439612753081302,0.6439612752749689,-4.468151355838783,3.4489153748347667,"[[0.20831719 0.41703982 0.19877225 0.17587075]
 [0.08326299 0.54209401 0.01123122 0.36341177]
 [0.23803958 0.50041591 0.16904986 0.09249465]
 [0.03726015 0.70119534 0.05723406 0.20431045]]",(0.953876399679+0j)
67,67,The dangerous storm postponed the flight. It was carrying essential supplies.,0.8718512710506114,0.8718512710732073,-4.322194368667558,3.4874050842928295,"[[0.1112965  0.87364986 0.00179859 0.01325505]
 [0.69002223 0.29492413 0.01086639 0.00418725]
 [0.0571134  0.45889048 0.05598169 0.42801443]
 [0.35940862 0.15659526 0.34148    0.14251612]]",(0.448179813549+0j)
68,68,The impulsive sailors jumped from the boats. They were tipping over.,0.2880565804868878,0.2880565804844089,-3.24405731892732,1.8239554202698307,"[[0.11711341 0.35748072 0.07372498 0.45168089]
 [0.2891563  0.18543783 0.35767095 0.16773492]
 [0.13146825 0.34742672 0.05937014 0.46173489]
 [0.35528252 0.12361245 0.29154472 0.22956031]]",(0.658090652658+0j)
69,69,The eager bee descended on the symmetrical flower. It was seeking nectar.,0.6922823282631154,0.6922823288900138,-3.6734371401680654,2.7691293155605323,"[[0.4043683  0.14770025 0.31510797 0.13282349]
 [0.08871244 0.46335611 0.0624408  0.38549065]
 [0.02182241 0.00537153 0.69765385 0.27515221]
 [0.0058865  0.02130743 0.14526674 0.82753933]]",(0.153048867544-0j)
70,70,The innovative people marched in solidarity against the unjust government. They were taking bribes.,0.5584006136993176,0.5584006137110132,-3.467118374785743,2.2336024548456557,"[[0.20119893 0.3331425  0.12132065 0.34433791]
 [0.35782448 0.17651695 0.2646645  0.20099406]
 [0.27822737 0.60269283 0.04429222 0.07478759]
 [0.56765539 0.31326481 0.05483359 0.06424621]]",(0.703275279934-0j)
71,71,The sailors jumped off the boats. They were avoiding capsizing.,0.4244420974063043,0.4244420974161642,-2.766867717475708,1.8891210296782193,"[[0.29009751 0.35877971 0.03265735 0.31846542]
 [0.13282663 0.5160506  0.0916085  0.25951427]
 [0.15826806 0.21232496 0.1644868  0.46492017]
 [0.15837227 0.21222075 0.06606285 0.56334412]]",(0.301431959414+0j)
72,72,The people staged a walkout against the government. They were engaging in nepotism.,0.3403433447403086,0.3403433448009001,-2.258115357468875,1.592908365889396,"[[0.03549241 0.34079565 0.2829119  0.34080004]
 [0.15552898 0.22075908 0.56110242 0.06260952]
 [0.03557908 0.46609698 0.28282523 0.21549871]
 [0.22899356 0.2726825  0.48763784 0.0106861 ]]",(0.070785852257-0j)
73,73,The activist people occupied the city center against the unrepresentative government. They were spreading false information.,0.7979915929356729,0.7979915931904896,-3.9813715396265392,3.191966372761959,"[[0.09279622 0.39392843 0.09956606 0.41370928]
 [0.39489026 0.09183439 0.4179819  0.09529345]
 [0.00275003 0.01213054 0.18961225 0.79550718]
 [0.01201165 0.00286892 0.80086051 0.18425892]]",(0.022831568052-0j)
74,74,The knife punctured the fence surrounding the park. It was stuck for a moment.,0.6507824139105933,0.6507824143364282,-4.268284425284789,3.1132995243402717,"[[0.16896809 0.68310265 0.03232023 0.11560903]
 [0.18181034 0.67026039 0.03152156 0.11640771]
 [0.0668213  0.27405306 0.13446702 0.52465861]
 [0.07019173 0.27068264 0.14314017 0.51598546]]",(0.304350290217+0j)
75,75,The ambitious students read the books. They were divisive.,0.8857199139321977,0.8857199139324369,-4.200993545001741,3.868378195264793,"[[0.03424819 0.00873441 0.40948652 0.54753088]
 [0.00759467 0.03538793 0.92110784 0.03590956]
 [0.09140211 0.27095796 0.3523326  0.28530732]
 [0.30946784 0.05289224 0.61923468 0.01840524]]",(0.749028671185-0j)
76,76,The curious bee buzzed around the abundant flower. It was collecting valuable pollen.,0.5022790283540142,0.5022790284118994,-2.631363464437884,2.0091161136835787,"[[0.77354177 0.16764914 0.05020703 0.00860206]
 [0.88866514 0.05252577 0.05369758 0.00511151]
 [0.35404586 0.08603782 0.46970293 0.09021338]
 [0.41983075 0.02025294 0.52253197 0.03738434]]",(0.42612093417+0j)
77,77,The brave bee stopped at the abundant flower. It was searching for pollen.,0.7316353865532754,0.7316353867464176,-3.834517827826883,2.945025777342742,"[[0.68117441 0.14244183 0.14706289 0.02932087]
 [0.77464143 0.04897482 0.16519039 0.01119337]
 [0.1703604  0.03783602 0.6578769  0.13392667]
 [0.1966957  0.01150072 0.74313611 0.04866747]]",(0.007045094865+0j)
78,78,The hardworking students learned from the humorous books. They were enhancing their understanding.,0.1120906274791984,0.112090627475303,-1.1513899010961,0.7097228666599417,"[[0.73957093 0.13876047 0.07342038 0.04824822]
 [0.75872147 0.11960993 0.04712008 0.07454852]
 [0.58234484 0.11855584 0.23064647 0.06845285]
 [0.65780863 0.04309205 0.14803292 0.1510664 ]]",(0.998200213625+0j)
79,79,The sailors sprang from the unprotected boats. They were avoiding capsizing.,0.4424111276774631,0.4424111276775656,-4.501026576220774,2.894379379228873,"[[0.37352205 0.44270462 0.05575268 0.12802065]
 [0.45619927 0.36002739 0.07884368 0.10492966]
 [0.35297307 0.51871279 0.07630166 0.05201248]
 [0.47285957 0.39882629 0.06218338 0.06613076]]",(0.295305010297-0j)
80,80,The police arrested the criminals after a tip-off. They were trying to sell drugs.,0.5137940130687143,0.51379401306939,-3.352200863385588,2.0551760522809275,"[[0.30549301 0.33800423 0.17297943 0.18352334]
 [0.4939576  0.14953963 0.27658466 0.07991811]
 [0.47465875 0.51760769 0.00381368 0.00391988]
 [0.76499144 0.22727501 0.00555082 0.00218273]]",(0.092408217568+0j)
81,81,The plucky birds chewed on the soft seeds. They were satisfying their hunger.,0.3367547463803624,0.3367547463801263,-1.489654161344243,1.3470189855222117,"[[0.38403214 0.03738896 0.07277501 0.5058039 ]
 [0.35663051 0.06479059 0.40154534 0.17703357]
 [0.39807642 0.34581375 0.05873073 0.1973791 ]
 [0.73956047 0.00432969 0.01861537 0.23749446]]",(0.053934009471-0j)
82,82,The birds flitted to the slow seeds. They were flying to new destinations.,0.2806337551393483,0.280633755138064,-1.7715233194356654,1.2010553988858128,"[[0.54899317 0.2705865  0.12082618 0.05959414]
 [0.8057156  0.01386407 0.1643676  0.01605273]
 [0.59705526 0.31055055 0.07276409 0.01963009]
 [0.88129434 0.02631147 0.08878886 0.00360532]]",(0.087839953317+0j)
83,83,The hard-working students analyzed the useful books. They were discovering new information.,0.701656453677046,0.7016564539948997,-3.63279738680012,2.806625815980987,"[[0.25758278 0.49343952 0.07247556 0.17650214]
 [0.0401607  0.71086161 0.00920515 0.23977254]
 [0.06952187 0.1033327  0.26053647 0.56660896]
 [0.00942606 0.16342851 0.03993979 0.78720564]]",(0.0270383903-0j)
84,84,The dangerous storm posed a threat to the flight. It was creating dangerous conditions.,0.655589385921792,0.655589385984294,-4.379750750962763,3.6608108467050777,"[[0.12394666 0.73017205 0.07458266 0.07129864]
 [0.17239173 0.68172697 0.13839419 0.00748711]
 [0.17245511 0.39794413 0.0260742  0.40352655]
 [0.22075632 0.34964292 0.0900296  0.33957116]]",(0.426674786341-0j)
85,85,The precise sniper assassinated the dangerous terrorist. He was a vicious criminal.,0.6072084000979405,0.6072084008941585,-2.629825193598473,1.9057188648611303,"[[0.04528593 0.45709268 0.00295704 0.49466435]
 [0.18444134 0.31793728 0.17902165 0.31859974]
 [0.01786033 0.00808857 0.03038264 0.94366847]
 [0.01446036 0.01148854 0.34900263 0.62504848]]",(0.956267326176-0j)
86,86,The people held hands against the government. They were colluding with corporations.,0.5507924377655768,0.5507924378794133,-3.263363271881004,2.2613828015706883,"[[0.14978686 0.2245967  0.23914996 0.38646648]
 [0.33504024 0.03934332 0.55673438 0.06888206]
 [0.36728921 0.57244005 0.02164761 0.03862313]
 [0.83830081 0.10142845 0.05347381 0.00679693]]",(0.010935023663-0j)
87,87,The resourceful sniper neutralized the terrorist. He was a talented sharpshooter.,0.7887312449206109,0.7887312448580397,-5.006392626245796,3.829340262850363,"[[0.01894727 0.49366736 0.01907065 0.46831472]
 [0.17669093 0.3359237  0.16731988 0.3200655 ]
 [0.03134448 0.79540468 0.00667344 0.1665774 ]
 [0.28542935 0.54131981 0.05858146 0.11466938]]",(0.002165960395+0j)
88,88,The agile bee flew to the pretty flower. It was a valuable resource.,0.9274518285795068,0.927451828823436,-4.614212883702815,3.7098073152937454,"[[0.0354193  0.92885401 0.00140218 0.03432452]
 [0.54567337 0.41859993 0.02065129 0.01507541]
 [0.01531869 0.40902217 0.02150279 0.55415636]
 [0.23899136 0.1853495  0.3273333  0.24832585]]",(0.014710880229-0j)
89,89,The sniper took out the terrorist. He was a notorious assassin.,0.5403432623229134,0.5403432623227483,-3.1052723341344413,2.1636105320698125,"[[0.08758254 0.5062849  0.06461932 0.34151324]
 [0.12983485 0.46403259 0.15164249 0.25449007]
 [0.0081568  0.04480801 0.14404507 0.80299013]
 [0.00384673 0.04911808 0.27763062 0.66940458]]",(0.91083322429-0j)
90,90,The storm battered the international flight. It was making road conditions hazardous.,0.5720586134786553,0.5720586134762368,-3.5916989007423252,2.4339392924974774,"[[0.12225831 0.03752113 0.60957974 0.23064082]
 [0.02327207 0.13650737 0.10008116 0.7401394 ]
 [0.42869651 0.14484252 0.30314154 0.12331943]
 [0.07774209 0.49579694 0.04561114 0.38084984]]",(0.061650997123+0j)
91,91,The smart sailors threw themselves off the boats. They were not safe.,0.3872376877179317,0.3872376881934585,-3.4697912889454847,2.142674184776465,"[[0.16481459 0.41083516 0.13341615 0.2909341 ]
 [0.19554017 0.38010958 0.14979988 0.27455037]
 [0.00915585 0.03082535 0.28907488 0.67094391]
 [0.01366054 0.02632067 0.3316795  0.62833929]]",(0.976623925969+0j)
92,92,The chirpy birds ate the ripe seeds. They were a satisfying food.,0.4820926943254788,0.4820926942864268,-3.2907859371451327,2.2952077553420613,"[[0.69662051 0.05952637 0.22874334 0.01510978]
 [0.26283176 0.49331511 0.08873015 0.15512297]
 [0.7640006  0.05556001 0.16136326 0.01907614]
 [0.29824057 0.52132004 0.05332135 0.12711805]]",(0.372415146375-0j)
93,93,The chirpy birds plucked the crisp seeds. They were flavorsome.,0.7670102471212153,0.767010247125851,-3.976234516951521,3.0680409885034035,"[[0.0891785  0.61114592 0.04788273 0.25179285]
 [0.51213386 0.18819055 0.2211236  0.07855199]
 [0.11608048 0.787991   0.02098076 0.07494777]
 [0.65295881 0.25111267 0.08029865 0.01562987]]",(0.459079487363+0j)
94,94,The precise sniper targeted the terrorist. He was a dangerous killer.,0.4340117613203623,0.4340117615155457,-3.525861053188086,1.8857577681061184,"[[0.01269246 0.45003004 0.01601828 0.52125922]
 [0.15111136 0.31161114 0.19912773 0.33814977]
 [0.00730063 0.38036614 0.02141011 0.59092312]
 [0.13746996 0.25019681 0.21276913 0.39956409]]",(0.254003468588+0j)
95,95,The peaceful people blockaded the government building against the out-of-touch government. They were making a point.,0.6072235437613729,0.6072235437650727,-3.6138240922960208,2.4288941750607207,"[[0.12541797 0.30754379 0.13767858 0.42935966]
 [0.23442467 0.19853709 0.38994597 0.17709228]
 [0.01613286 0.00101423 0.24696369 0.73588921]
 [0.0098551  0.007292   0.61451554 0.36833736]]",(0.793501726459-0j)
96,96,The hardworking students immersed themselves in the books. They were visually stunning.,0.4126213292351331,0.4126213292350108,-2.787647720085011,1.650485316941131,"[[0.29695356 0.39375704 0.11326544 0.19602395]
 [0.59099628 0.09971433 0.13349476 0.17579463]
 [0.05886663 0.25300308 0.35135238 0.33677791]
 [0.2415554  0.07031431 0.48293563 0.20519466]]",(0.026770828891+0j)
97,97,The birds munched on the exotic seeds. They were looking for a meal.,0.8846450126321126,0.8846450126393013,-5.986962259673923,5.45202825699875,"[[0.03562397 0.00648175 0.80805364 0.14984065]
 [0.03882935 0.00327636 0.88792138 0.06997291]
 [0.3095487  0.05576686 0.53412891 0.10055554]
 [0.33768532 0.02763023 0.58906541 0.04561904]]",(0.229918226681-0j)
98,98,The resilient people took action against the corrupt government. They were committing war crimes.,0.6829466333137211,0.6829466332490953,-5.044937169148955,3.9389532234647007,"[[0.09956333 0.71174048 0.02879385 0.15990233]
 [0.35112342 0.4601804  0.06997263 0.11872355]
 [0.0846195  0.63826823 0.04373769 0.23337459]
 [0.29468149 0.42820624 0.12641457 0.15069771]]",(0.487547989159-0j)
99,99,The sudden storm forced the commercial flight. It was carrying cargo.,0.7944658511206727,0.7944658511210616,-4.027402394218138,3.1778634044842464,"[[0.0621299  0.33183503 0.09647289 0.50956218]
 [0.30728032 0.08668461 0.47370334 0.13233173]
 [0.15100798 0.80206066 0.00759481 0.03933655]
 [0.7441616  0.20890704 0.03682205 0.0101093 ]]",(0.208149954332-0j)
100,100,The adventurous students read over the adventurous books. They were improving their problem-solving skills.,0.2934574171161286,0.2934574171234438,-2.712351177868434,1.6940434620607376,"[[0.13231812 0.29617472 0.16612127 0.40538589]
 [0.08725644 0.3412364  0.12729788 0.44420928]
 [0.00252076 0.00246121 0.29591863 0.6990994 ]
 [0.001262   0.00371997 0.21329232 0.78172571]]",(0.467498238437-0j)
101,101,The bee hovered above the flower. It was gathering nectar.,0.7251546392981467,0.7251546424247495,-3.5744355359222046,2.72037153350203,"[[0.0536057  0.45641214 0.05161327 0.43836889]
 [0.3597371  0.15028073 0.34447135 0.14551081]
 [0.00220262 0.02191296 0.10301636 0.87286807]
 [0.01660211 0.00751346 0.68760635 0.28827808]]",(0.171652665333-0j)
102,102,The storm posed a threat to the commercial flight. It was full of passengers.,0.069562683881631,0.0695626883456169,-0.8760218964646653,0.3419235110208693,"[[0.58490686 0.21986526 0.15125898 0.0439689 ]
 [0.652021   0.15275112 0.08318844 0.11203944]
 [0.66060585 0.0586854  0.07555999 0.20514876]
 [0.49012034 0.2291709  0.24508909 0.03561966]]",(0.979227647012+0j)
103,103,The accurate sniper targeted the terrorist. He was a successful marksman.,0.4140079592080076,0.4140079592227574,-4.570021783280379,2.8763637982476533,"[[0.12934891 0.42263462 0.10450067 0.3435158 ]
 [0.1361004  0.41588313 0.11080014 0.33721633]
 [0.15170654 0.496151   0.08214304 0.26999942]
 [0.16016656 0.48769098 0.08673398 0.26540849]]",(0.998612480047+0j)
104,104,The serrated knife severed the swimming fence with minimal effort. It was sharp and precise.,0.73154370457966,0.7315437045794184,-3.7235042808197,2.92617481831887,"[[0.21680928 0.74533732 0.01379362 0.02405977]
 [0.80607049 0.15607612 0.03539395 0.00245944]
 [0.15613258 0.51836488 0.07447032 0.25103222]
 [0.57123575 0.10326171 0.27022869 0.05527385]]",(0.468957398372-0j)
105,105,The storm affected the scheduled flight. It was bringing high winds.,0.9422356785580736,0.9422356786019274,-5.9435601908258056,5.37650892844378,"[[0.0149897  0.94688692 0.00465124 0.03347215]
 [0.35649186 0.60538475 0.00482086 0.03330252]
 [0.01267962 0.75052466 0.00696132 0.2298344 ]
 [0.25343058 0.5097737  0.10788215 0.12891357]]",(0.973669937239+0j)
106,106,The enthusiastic heart pumped blood with assurance. It was a well-functioning organ.,0.8211260107214131,0.8211260106875531,-5.5150723064972595,4.62101451677613,"[[0.08486508 0.83127656 0.01015055 0.07370781]
 [0.28320285 0.63293879 0.02200423 0.06185413]
 [0.05723353 0.58210117 0.0377821  0.3228832 ]
 [0.19062974 0.44870496 0.11457734 0.24608796]]",(0.200870056527-0j)
